Item1	18	6	22	18	22	14	26	29	10	22	29	29	6	29	20
Item2	12	20	10	11	3	4	28	12	17	26	12	30	14	25	7
Item3	19	20	8	19	9	11	18	24	22	3	9	3	29	1	4
Item4	11	17	7	12	14	4	6	30	24	10	18	10	29	27	16
Item5	30	4	25	19	16	13	8	19	27	6	4	15	26	10	3
Item6	21	21	17	17	13	5	3	8	27	14	5	27	9	3	7
Item7	6	1	7	6	7	10	3	26	24	6	14	14	25	28	2
Item8	25	3	8	2	11	8	21	2	29	4	10	28	8	26	18
Item9	9	29	27	22	3	8	7	6	29	24	14	1	15	25	2
Item10	16	8	15	16	13	16	24	28	9	14	1	2	2	8	16
Item11	19	29	24	16	2	22	9	14	26	29	1	6	12	23	15
Item12	0	15	27	1	30	3	25	23	4	27	3	4	27	5	4
Item13	23	13	21	14	6	22	26	8	24	10	22	5	18	16	9
Item14	6	7	15	15	8	18	19	30	2	14	24	11	22	25	5
Item15	6	26	12	7	3	8	27	18	0	27	6	14	20	6	28
Item16	24	12	15	25	29	2	18	13	9	6	28	22	17	30	25
Item17	8	3	17	28	20	19	2	28	7	21	27	25	25	25	19
Item18	25	10	25	30	26	2	22	11	14	9	18	4	13	16	20
Item19	30	23	15	20	27	4	24	18	8	22	20	29	27	24	19
Item20	12	25	6	7	1	24	8	5	2	11	25	20	9	11	3
Item21	27	2	15	15	14	15	12	18	25	22	23	16	22	13	4
Item22	16	9	1	19	13	2	28	17	27	2	17	28	7	21	10
Item23	2	25	1	2	15	20	11	17	3	20	12	13	5	5	7
Item24	13	16	18	3	27	2	2	10	23	14	1	19	5	16	26
Item25	1	22	6	6	27	24	23	6	24	16	1	13	16	17	7
Item26	27	12	18	7	19	19	6	16	28	25	9	20	22	16	7
Item27	11	7	3	23	26	13	27	24	5	29	22	5	5	29	17
Item28	0	4	7	0	20	4	16	11	27	15	9	28	22	7	20
Item29	15	8	25	1	11	19	22	14	27	18	11	11	20	6	1
Item30	13	8	27	24	7	25	27	27	21	12	17	25	24	6	29
Item31	26	13	3	4	5	3	28	25	14	13	6	26	28	11	25
Item32	15	1	5	10	0	23	11	26	0	10	18	27	3	15	4
Item33	3	13	28	6	15	6	18	28	1	20	1	17	22	18	5
Item34	24	2	27	5	14	21	18	8	6	20	24	23	18	27	13
Item35	28	28	30	5	8	19	9	1	14	16	11	1	10	3	2
Item36	26	28	21	29	23	6	11	5	1	14	7	2	24	24	27
Item37	5	17	22	17	23	16	8	4	21	14	17	17	2	14	7
Item38	2	23	28	23	9	14	14	21	24	15	19	11	10	3	20
Item39	19	9	22	25	15	18	9	0	14	29	9	9	1	4	25
Item40	3	3	14	14	12	6	25	24	12	30	14	7	14	6	23
Item41	1	26	18	1	11	23	2	7	18	8	18	7	20	7	25
Item42	10	10	21	10	15	9	11	27	18	23	26	5	6	7	20
Item43	19	20	3	6	23	2	12	8	4	28	5	4	26	14	18
Item44	18	11	24	26	12	18	14	29	23	6	15	17	11	1	20
Item45	20	5	14	11	19	8	6	11	24	30	16	16	20	22	10
Item46	24	18	21	10	9	21	25	24	1	24	25	22	19	26	13
Item47	11	2	27	16	12	28	28	3	23	16	27	5	4	5	10
Item48	2	28	21	6	4	22	26	20	12	20	0	4	6	29	3
Item49	13	19	0	3	22	16	14	8	13	4	6	3	4	10	4
Item50	24	8	9	8	16	27	29	24	11	4	8	28	24	1	17
Item51	9	15	16	12	12	22	6	27	10	24	19	0	2	16	15
Item52	22	21	19	21	15	15	18	1	13	16	29	6	1	10	12
Item53	3	24	16	13	2	17	14	20	0	26	24	19	24	8	2
Item54	5	15	1	18	18	27	6	22	12	4	18	13	0	2	2
Item55	28	3	16	9	19	1	9	13	15	2	10	29	2	3	4
Item56	24	20	1	22	10	4	10	5	25	5	12	9	21	15	25
Item57	23	9	25	10	7	3	18	23	7	6	18	27	14	18	2
Item58	26	29	23	29	11	14	14	5	0	17	11	2	21	23	6
Item59	27	16	14	12	1	25	11	12	8	25	12	25	3	15	14
Item60	28	4	23	14	5	22	28	26	1	1	0	8	26	17	30
Item61	12	27	17	19	4	19	27	27	2	6	20	17	24	8	20
Item62	9	2	10	23	21	30	29	15	3	16	28	19	20	23	14
Item63	23	9	11	8	22	26	17	10	19	16	30	26	18	13	2
Item64	28	7	5	5	0	2	13	10	20	30	7	15	30	26	19
Item65	8	26	11	29	20	5	0	23	9	30	26	6	1	21	6
Item66	11	26	26	24	28	23	1	27	28	8	21	10	23	16	2
Item67	8	26	1	10	20	0	18	27	0	9	3	13	20	1	23
Item68	14	7	29	10	1	22	4	11	5	9	1	18	27	21	6
Item69	29	11	1	6	2	21	28	23	24	19	26	17	22	29	20
Item70	3	15	15	20	13	9	9	13	26	7	29	15	2	7	23
Item71	16	16	11	6	4	29	25	21	24	15	29	7	13	3	23
Item72	9	14	21	8	10	18	1	22	25	11	4	16	27	1	27
Item73	5	25	17	19	8	13	26	5	29	1	22	23	4	4	27
Item74	13	6	27	3	29	24	27	20	9	12	29	17	3	29	18
Item75	10	4	17	2	8	13	6	4	7	18	11	22	15	15	13
Item76	17	1	21	22	12	7	15	20	15	20	15	28	13	18	25
Item77	6	24	15	10	8	11	8	20	21	6	9	24	25	22	28
Item78	6	24	19	18	23	18	4	1	13	24	4	8	1	16	27
Item79	17	20	6	14	21	19	9	9	4	8	25	30	2	28	12
Item80	27	21	14	22	23	7	26	4	16	15	22	10	30	11	25
Item81	21	1	3	19	7	1	26	18	28	4	18	24	1	17	12
Item82	27	28	29	9	13	20	4	18	3	14	17	22	7	3	1
Item83	22	18	11	28	5	17	9	24	7	29	8	22	28	19	12
Item84	13	4	26	15	1	2	26	21	27	8	2	2	24	11	17
Item85	4	23	29	3	17	29	16	28	1	14	13	20	3	21	6
Item86	28	18	9	24	12	25	6	14	21	20	17	13	9	22	23
Item87	18	17	25	27	5	2	25	16	5	13	19	22	22	2	12
Item88	10	15	1	19	24	29	10	14	18	10	13	9	28	27	15
Item89	9	25	26	10	9	21	27	21	26	25	13	26	30	28	19
Item90	15	10	10	16	16	7	16	5	25	16	2	4	6	26	24
Item91	25	26	9	2	9	15	14	9	11	29	5	22	19	6	5
Item92	28	9	27	10	26	29	3	17	19	29	23	17	3	9	30
Item93	25	20	16	28	3	29	3	12	9	3	4	16	6	13	12
Item94	16	0	8	25	14	23	25	3	14	19	27	18	10	12	16
Item95	16	10	28	6	4	1	27	25	16	25	18	22	23	3	17
Item96	16	14	24	24	21	16	15	14	5	24	27	20	5	8	12
Item97	19	9	3	8	16	17	15	12	15	14	2	26	19	11	8
Item98	8	23	30	19	28	22	2	7	25	7	14	4	5	30	19
Item99	16	4	3	17	20	25	2	17	20	3	3	15	19	13	21
Item100	10	26	16	17	8	20	6	14	12	6	27	28	23	8	9
Item101	8	24	3	26	14	12	11	15	4	23	29	6	7	1	4
Item102	11	20	3	3	20	11	28	15	12	10	24	24	3	0	9
Item103	30	12	17	26	19	2	17	10	6	5	10	14	25	0	11
Item104	23	26	28	22	3	12	2	3	10	14	8	7	16	3	21
Item105	13	5	2	13	22	6	8	9	25	8	2	3	2	19	3
Item106	25	6	26	6	26	24	23	2	16	15	27	17	14	1	12
Item107	15	29	15	5	20	5	7	4	5	27	30	14	23	27	21
Item108	17	13	10	22	21	11	30	8	4	13	11	21	2	12	21
Item109	22	18	25	9	3	8	11	4	23	25	19	1	17	9	1
Item110	8	23	28	17	12	1	28	27	19	1	1	21	13	15	2
Item111	12	21	19	17	2	18	29	3	21	1	7	17	5	13	18
Item112	23	13	29	21	24	7	29	28	29	20	22	17	30	2	8
Item113	15	18	15	30	6	20	18	25	12	25	28	30	26	27	3
Item114	20	5	27	15	10	1	7	14	7	10	17	6	25	30	5
Item115	27	19	16	22	2	5	6	6	5	24	25	11	25	4	19
Item116	10	7	25	16	25	16	5	8	4	8	28	19	24	21	8
Item117	9	15	26	30	5	18	22	25	4	11	8	4	14	21	6
Item118	19	17	25	4	23	16	12	13	18	28	1	22	15	28	12
Item119	5	22	23	29	29	2	7	9	29	14	22	24	5	9	22
Item120	6	10	26	4	11	3	21	26	5	5	1	0	4	14	28
Item121	24	30	1	4	24	24	13	26	2	29	17	24	25	26	28
Item122	3	10	29	27	4	9	19	25	21	24	2	28	14	6	14
Item123	20	5	26	28	26	6	25	1	3	19	27	14	28	17	10
Item124	6	24	19	20	15	6	27	21	8	3	16	22	4	12	3
Item125	11	2	21	17	5	6	27	25	0	24	22	9	19	12	2
Item126	16	24	28	5	20	24	10	8	3	23	4	2	5	6	26
Item127	8	26	13	21	18	16	6	2	12	12	8	26	30	21	16
Item128	22	3	27	12	18	23	2	18	27	5	8	18	7	21	18
Item129	10	5	29	18	23	13	26	1	28	7	24	0	26	27	29
Item130	1	0	13	30	8	24	25	16	6	11	27	29	24	5	11
Item131	24	9	7	1	29	28	3	7	15	10	14	19	27	8	3
Item132	1	0	19	19	14	15	29	20	4	7	18	15	25	13	24
Item133	9	23	18	4	13	11	24	1	10	8	13	5	6	29	7
Item134	9	26	0	24	15	13	2	25	17	7	14	12	28	22	1
Item135	16	24	16	2	2	12	21	6	6	1	5	18	6	4	24
Item136	4	8	16	10	13	20	24	23	11	3	9	20	15	27	21
Item137	24	19	28	8	7	29	9	7	24	3	18	26	3	6	18
Item138	15	2	5	2	6	23	19	2	1	28	24	14	3	9	13
Item139	7	22	18	8	15	18	3	13	29	18	28	16	6	19	22
Item140	25	10	0	15	19	29	2	18	25	20	18	0	17	2	23
Item141	3	20	24	12	4	17	6	29	9	23	26	30	24	25	5
Item142	30	10	18	0	8	23	5	20	17	20	9	1	16	27	16
Item143	23	6	8	4	22	8	26	12	15	17	13	6	10	28	5
Item144	16	20	7	28	15	26	12	2	12	15	14	13	8	11	0
Item145	14	0	3	8	5	18	20	19	0	8	15	7	16	13	28
Item146	8	23	16	23	11	15	20	3	10	20	16	20	3	23	5
Item147	29	22	4	29	4	13	8	10	11	11	30	16	17	22	29
Item148	10	17	23	17	22	6	25	18	21	6	26	22	5	23	15
Item149	14	30	1	14	8	26	26	12	28	0	4	3	6	17	28
Item150	16	11	0	4	20	3	9	28	7	29	7	6	5	24	23
Item151	24	26	25	17	20	23	12	29	17	18	14	28	0	25	20
Item152	12	29	25	21	8	0	24	15	23	23	4	28	5	16	9
Item153	27	6	5	21	14	2	1	29	29	14	6	19	27	14	11
Item154	4	8	24	7	14	4	3	2	22	13	14	1	16	13	10
Item155	26	5	9	15	12	28	9	6	0	27	23	4	25	21	12
Item156	20	28	28	17	26	23	27	0	8	20	21	9	1	23	5
Item157	13	20	26	13	26	16	17	26	4	2	3	20	25	24	5
Item158	4	10	6	20	11	24	5	26	4	20	11	19	9	28	11
Item159	1	14	16	28	18	17	2	1	11	30	13	6	23	14	14
Item160	11	15	22	20	24	27	16	0	22	5	7	13	11	29	19
Item161	1	11	24	5	22	25	25	10	17	20	18	23	0	17	26
Item162	14	13	25	7	6	25	4	24	27	13	27	3	28	11	6
Item163	4	27	14	12	6	6	27	16	20	10	16	12	29	4	25
Item164	25	9	26	10	7	19	12	29	13	30	27	23	19	16	20
Item165	29	21	19	17	26	2	3	3	30	15	25	13	12	2	19
Item166	6	24	7	30	13	27	9	25	7	24	8	12	24	17	13
Item167	22	29	4	8	9	21	28	21	7	11	28	1	6	29	29
Item168	2	16	4	17	13	6	3	24	13	23	7	3	24	28	15
Item169	15	12	23	9	18	19	22	23	6	6	16	3	4	3	24
Item170	4	25	15	28	21	1	13	13	4	9	2	5	8	13	5
Item171	19	5	10	3	5	24	9	23	8	18	7	18	17	20	27
Item172	5	14	25	14	27	1	8	27	9	7	14	20	14	24	25
Item173	2	5	22	24	11	25	30	4	12	15	26	4	28	26	12
Item174	17	6	1	25	27	5	9	25	6	18	29	21	16	23	25
Item175	4	13	24	11	17	21	8	9	10	1	12	29	9	25	26
Item176	11	15	23	9	14	11	13	8	15	8	27	5	16	23	7
Item177	6	29	21	11	14	17	27	25	28	21	2	3	0	17	19
Item178	0	19	15	30	22	29	2	7	28	14	9	7	19	18	29
Item179	24	29	6	13	18	19	9	6	13	16	26	3	21	4	12
Item180	27	23	20	24	22	2	28	24	12	28	26	21	13	10	20
Item181	13	27	5	2	12	6	8	9	30	19	18	29	9	29	23
Item182	11	1	12	13	27	2	19	11	29	27	7	12	14	15	17
Item183	11	28	5	1	29	1	15	1	25	27	17	13	27	10	14
Item184	9	7	2	11	17	16	15	18	20	16	29	24	3	17	26
Item185	25	5	21	12	10	27	10	16	0	1	18	29	15	10	11
Item186	29	29	2	17	1	25	0	1	12	8	28	25	3	19	13
Item187	6	14	17	27	12	13	18	12	12	27	17	9	27	18	14
Item188	20	2	28	15	22	3	29	10	3	11	5	25	27	12	16
Item189	13	26	3	23	18	12	18	4	30	10	20	30	4	8	18
Item190	12	1	17	20	22	12	15	16	12	26	14	22	7	4	24
Item191	25	27	4	24	8	19	15	27	13	16	4	6	22	21	1
Item192	15	24	3	30	2	17	6	29	27	2	27	21	6	14	12
Item193	7	12	24	25	23	6	19	22	29	30	24	5	18	25	9
Item194	21	20	27	6	24	19	22	16	22	5	16	9	4	1	18
Item195	13	10	9	26	3	10	8	30	15	10	22	6	11	9	9
Item196	12	7	17	4	23	26	20	10	15	6	28	3	4	2	9
Item197	28	25	1	12	23	23	18	11	26	29	20	7	5	6	10
Item198	4	3	9	4	24	23	16	0	12	28	15	6	2	3	20
Item199	1	27	27	29	24	16	3	0	17	28	4	8	9	6	19
Item200	13	20	18	2	18	16	30	6	8	12	7	29	19	28	4
Item201	28	5	17	23	15	2	2	23	1	8	29	11	24	8	22
Item202	22	18	26	23	17	10	3	24	12	26	27	7	7	5	17
Item203	9	30	25	9	4	21	0	10	18	7	21	24	28	20	30
Item204	5	10	4	12	24	8	29	2	26	13	6	12	5	12	24
Item205	30	13	2	17	8	4	16	6	17	11	8	9	6	18	24
Item206	26	15	26	13	23	18	18	18	7	12	15	13	13	4	13
Item207	20	2	13	4	26	16	0	28	19	6	20	19	11	24	28
Item208	8	17	4	23	24	3	16	11	15	8	20	5	19	23	8
Item209	27	13	7	20	10	21	15	7	4	29	28	26	2	5	28
Item210	8	6	9	26	7	9	24	4	6	11	23	21	17	7	29
Item211	26	3	23	28	3	27	15	27	6	0	9	5	0	24	9
Item212	13	4	9	14	24	23	23	14	17	29	1	3	7	27	29
Item213	3	28	1	25	15	16	29	10	23	3	26	4	13	12	27
Item214	28	16	25	3	13	12	27	10	20	9	28	30	24	17	6
Item215	25	3	30	9	18	24	10	21	21	1	2	18	11	9	23
Item216	28	25	29	2	9	5	16	12	16	17	8	8	6	22	13
Item217	19	14	18	10	6	22	26	10	17	11	2	8	18	16	9
Item218	30	27	17	24	19	9	22	15	10	19	6	22	13	21	0
Item219	19	6	11	21	15	7	22	1	29	21	14	10	23	14	16
Item220	13	13	26	29	3	8	28	23	3	27	16	22	15	11	26
Item221	8	21	25	28	2	11	20	21	20	5	6	23	25	26	7
Item222	25	26	8	3	22	27	15	23	26	0	5	30	1	20	12
Item223	28	14	14	4	7	25	10	8	22	30	22	10	23	15	19
Item224	29	2	2	2	21	15	26	9	28	28	16	14	10	25	2
Item225	5	20	0	18	16	3	10	25	14	11	1	6	14	23	6
Item226	5	3	25	25	23	18	11	4	8	23	4	24	21	30	5
Item227	28	2	3	18	22	17	7	21	14	1	2	11	24	18	14
Item228	19	30	15	11	17	0	2	28	27	26	26	7	28	4	3
Item229	16	7	25	29	8	16	28	12	22	22	25	13	0	20	19
Item230	19	24	20	8	10	8	9	11	10	21	15	1	23	22	28
Item231	30	4	19	29	23	14	28	2	2	18	26	25	17	14	26
Item232	24	24	20	17	17	7	7	4	19	20	15	26	10	8	12
Item233	27	16	25	13	3	27	14	3	28	16	17	28	9	26	30
Item234	17	7	13	27	18	6	7	23	23	17	15	12	20	21	6
Item235	9	12	2	15	12	20	14	26	27	27	26	11	4	9	4
Item236	13	5	7	28	13	7	8	30	21	1	6	26	10	21	17
Item237	8	13	26	28	4	20	11	3	3	9	10	30	29	17	2
Item238	4	13	17	3	10	8	11	5	10	22	20	5	11	27	29
Item239	23	9	6	22	11	13	20	15	17	13	13	27	26	2	16
Item240	18	28	2	20	18	30	8	28	7	22	16	30	18	5	15
Item241	7	7	6	23	20	3	2	15	16	4	20	24	19	23	13
Item242	14	30	29	4	6	23	11	6	5	30	15	25	9	19	27
Item243	24	2	11	29	5	29	8	2	21	17	22	17	4	29	4
Item244	18	26	22	20	4	4	13	19	24	22	26	20	19	22	18
Item245	27	18	4	26	8	21	6	12	5	15	27	18	24	2	9
Item246	23	18	18	2	1	19	23	7	21	17	0	25	14	18	23
Item247	24	12	7	15	26	10	4	1	21	2	14	27	12	26	0
Item248	22	15	23	15	22	19	10	14	13	28	16	24	6	12	29
Item249	25	15	9	17	12	19	9	17	9	20	7	26	7	28	14
Item250	18	24	9	27	4	7	26	22	4	6	8	29	7	20	3
Item251	18	13	27	23	16	20	16	29	14	20	5	12	23	17	23
Item252	0	18	10	27	24	8	2	15	9	24	5	18	26	25	16
Item253	17	19	4	5	11	28	24	11	19	3	13	6	5	2	27
Item254	26	16	16	2	14	21	20	23	2	16	7	17	27	5	8
Item255	14	12	6	8	13	14	4	13	0	18	26	6	10	6	28
Item256	10	21	27	6	21	12	8	19	27	22	9	21	3	15	8
Item257	3	13	13	10	24	23	16	25	9	17	4	22	8	9	29
Item258	27	7	15	20	7	9	22	3	13	4	25	17	9	11	3
Item259	13	23	2	14	9	28	25	15	12	10	5	2	22	19	3
Item260	27	6	29	6	29	15	7	24	7	16	8	2	3	4	20
Item261	16	10	14	25	21	20	28	11	27	11	13	14	10	8	26
Item262	14	10	5	7	12	10	11	4	21	21	29	8	26	9	7
Item263	0	13	2	22	11	12	1	22	4	29	24	25	16	13	17
Item264	8	25	24	20	10	16	19	3	22	30	18	20	11	27	30
Item265	24	24	0	7	22	5	25	23	25	23	18	29	8	18	7
Item266	6	20	6	22	16	16	13	21	0	17	19	22	18	19	8
Item267	19	8	21	27	17	13	24	26	27	3	24	10	20	18	9
Item268	21	10	15	22	4	22	6	25	20	28	28	29	1	0	1
Item269	3	14	25	12	21	29	9	10	26	20	27	16	4	7	24
Item270	22	21	5	21	9	13	26	3	17	25	5	16	30	0	3
Item271	29	15	25	28	28	29	18	21	23	29	5	25	4	3	25
Item272	23	10	9	28	4	15	23	3	6	5	1	13	15	21	23
Item273	6	24	17	17	23	6	23	15	29	28	10	30	18	17	19
Item274	5	5	29	1	13	15	1	13	1	25	22	5	4	17	23
Item275	27	6	26	2	27	1	19	8	3	9	1	18	1	0	3
Item276	8	25	22	6	25	22	21	21	17	15	10	17	28	19	8
Item277	6	13	20	11	19	0	7	17	1	20	23	9	19	19	8
Item278	13	28	24	17	29	17	9	15	18	7	15	27	20	17	16
Item279	27	23	24	20	26	7	6	2	26	21	3	16	21	23	11
Item280	6	25	10	27	14	13	25	27	27	4	3	10	10	4	3
Item281	21	8	1	23	27	24	3	8	18	2	21	8	22	14	21
Item282	23	12	17	27	10	25	6	21	27	16	3	4	19	2	11
Item283	8	28	7	20	19	29	23	1	22	20	20	17	28	23	18
Item284	9	13	11	4	28	16	6	10	21	21	5	29	1	23	10
Item285	29	8	13	0	12	8	1	1	23	3	24	2	12	8	16
Item286	6	22	19	5	27	0	5	3	24	10	6	23	28	17	23
Item287	11	17	25	19	19	15	13	6	24	24	20	9	28	20	12
Item288	20	15	26	25	3	7	21	28	20	18	12	2	22	4	8
Item289	11	10	28	13	22	13	13	21	17	6	14	15	6	23	6
Item290	20	0	27	24	4	0	10	11	15	28	16	29	29	0	14
Item291	29	8	4	1	26	18	15	30	16	5	20	18	21	24	19
Item292	20	25	22	1	2	8	0	2	0	10	6	25	9	18	15
Item293	21	9	19	12	11	27	2	15	10	0	9	13	24	29	8
Item294	7	28	2	9	26	26	11	24	11	29	6	25	9	6	11
Item295	26	20	23	10	15	13	23	22	26	15	1	4	24	13	25
Item296	23	0	9	7	18	7	18	18	29	29	24	17	27	14	29
Item297	4	22	11	27	21	16	18	3	8	16	25	29	0	12	3
Item298	8	11	4	15	26	21	21	16	27	20	22	26	3	12	13
Item299	17	30	8	1	6	22	15	27	11	9	15	9	6	8	27
Item300	15	6	12	21	12	11	17	8	12	26	17	11	10	13	26
Item301	29	4	29	19	24	20	29	12	27	3	11	14	2	12	23
Item302	23	24	10	29	15	6	4	8	28	21	25	10	24	18	2
Item303	7	29	17	20	3	8	23	13	27	12	27	11	2	14	27
Item304	3	28	23	8	12	18	21	20	5	9	20	9	5	1	9
Item305	24	23	17	23	27	20	4	28	4	5	23	2	23	5	6
Item306	21	13	9	2	5	16	23	5	26	23	0	13	6	14	20
Item307	28	2	14	9	23	12	10	27	13	12	26	17	4	23	24
Item308	12	29	20	10	29	27	20	21	29	22	2	24	23	1	21
Item309	8	5	29	6	5	8	12	22	25	26	17	15	5	24	26
Item310	22	4	27	18	27	3	4	12	12	18	18	6	28	8	5
Item311	12	21	25	17	11	5	18	25	8	15	25	13	6	13	2
Item312	16	28	23	0	21	1	24	19	13	19	18	14	9	6	22
Item313	5	22	4	21	2	23	18	25	12	7	16	10	29	4	23
Item314	29	17	20	9	11	20	17	3	27	3	16	14	14	16	8
Item315	17	4	18	15	26	2	5	1	8	28	29	2	8	25	18
Item316	4	19	13	12	13	4	15	0	8	4	4	24	1	25	5
Item317	16	19	22	19	3	24	29	24	21	5	17	6	23	2	20
Item318	7	25	29	20	15	13	16	3	14	25	13	5	7	14	13
Item319	26	27	2	2	13	11	17	10	3	21	2	11	27	28	29
Item320	28	4	8	19	23	23	6	12	14	28	9	17	14	8	13
Item321	18	2	17	15	27	24	8	30	26	19	28	9	22	24	7
Item322	10	16	23	0	20	12	28	29	14	16	3	14	2	3	24
Item323	30	25	7	0	18	12	3	7	29	26	19	16	0	10	18
Item324	20	2	15	15	15	7	6	11	8	11	14	2	12	7	0
Item325	5	24	6	24	26	10	7	6	29	21	29	3	30	8	23
Item326	7	0	29	21	11	15	22	5	15	20	30	6	28	15	7
Item327	22	9	9	7	18	28	7	19	27	5	25	18	22	12	18
Item328	17	7	21	12	2	11	12	28	23	29	15	30	28	3	12
Item329	1	29	11	21	22	29	8	5	25	15	25	26	8	27	5
Item330	17	3	12	9	12	11	14	25	13	7	26	9	12	12	21
Item331	29	22	11	26	7	15	12	22	20	15	15	6	7	28	25
Item332	21	24	17	2	5	7	6	12	24	26	16	27	23	11	3
Item333	29	10	10	19	18	23	2	8	24	24	5	8	2	10	7
Item334	27	29	8	18	4	24	28	24	0	10	20	20	15	18	20
Item335	17	24	26	24	0	2	16	10	3	28	6	8	3	8	21
Item336	21	14	2	18	25	28	8	11	26	19	28	4	19	13	9
Item337	25	12	26	25	6	24	13	29	2	15	30	2	9	10	8
Item338	21	0	25	5	2	17	8	13	0	4	27	13	3	15	10
Item339	5	11	14	29	3	2	16	15	5	19	15	10	28	17	14
Item340	4	1	23	20	23	19	12	2	2	4	10	7	4	9	8
Item341	10	25	23	26	28	5	17	9	21	25	25	28	30	30	18
Item342	24	2	5	4	3	5	8	4	6	17	2	5	25	17	27
Item343	0	5	29	23	19	13	24	1	24	23	3	15	21	18	27
Item344	7	30	26	15	25	6	1	4	15	22	19	18	28	1	9
Item345	1	10	18	7	3	25	20	9	22	4	4	13	17	27	7
Item346	20	16	1	15	1	23	26	7	16	20	30	8	9	19	27
Item347	26	28	5	4	27	14	30	19	0	16	2	10	18	13	17
Item348	23	1	9	3	14	28	24	11	9	1	17	7	14	3	11
Item349	17	5	16	15	24	23	20	22	4	8	19	7	7	9	11
Item350	8	5	21	29	28	16	16	5	19	16	15	11	25	7	27
Item351	27	23	1	4	4	6	9	24	18	8	26	23	8	6	6
Item352	25	1	11	29	4	17	3	1	20	14	12	16	26	4	8
Item353	28	15	17	24	26	4	18	18	2	15	2	4	3	19	19
Item354	27	22	10	29	9	29	27	9	28	20	6	19	5	5	16
Item355	23	23	8	27	5	23	11	5	19	11	11	23	22	4	26
Item356	18	9	17	16	25	13	9	1	24	13	22	14	2	14	15
Item357	22	6	24	29	14	15	7	25	17	13	6	19	1	2	19
Item358	9	15	28	8	16	8	2	22	11	23	13	26	10	23	13
Item359	22	1	25	15	30	0	27	23	25	29	6	5	20	14	25
Item360	27	13	27	15	3	25	6	29	29	21	9	19	25	21	10
Item361	1	17	17	15	19	24	21	9	2	23	26	17	6	9	13
Item362	10	2	28	10	4	22	22	8	20	24	18	5	28	4	3
Item363	7	20	1	21	27	1	7	27	13	4	6	24	15	22	18
Item364	2	26	22	8	28	19	21	12	19	26	15	12	19	22	9
Item365	13	1	19	14	17	17	23	14	18	21	21	26	9	10	14
Item366	2	2	6	21	10	0	11	22	4	30	8	26	16	26	10
Item367	27	11	21	6	27	30	7	5	22	26	23	17	28	13	20
Item368	14	5	27	16	13	28	7	13	11	26	16	21	22	26	1
Item369	16	2	2	12	24	23	7	7	10	29	4	30	3	23	26
Item370	29	10	28	24	7	21	22	5	1	10	4	9	23	18	18
Item371	24	26	19	5	7	15	24	28	18	10	15	21	26	12	25
Item372	16	18	9	20	2	1	23	17	10	27	1	12	15	19	21
Item373	10	13	17	10	16	23	5	9	7	15	7	21	25	29	6
Item374	25	15	3	10	15	7	10	4	26	25	11	22	6	13	1
Item375	2	11	7	15	24	15	1	21	22	25	5	1	12	26	12
Item376	6	4	10	18	20	8	1	29	11	18	23	18	16	3	10
Item377	9	16	26	9	21	0	14	2	14	27	25	13	15	19	0
Item378	22	12	3	1	11	20	1	21	4	3	3	18	26	9	5
Item379	17	18	22	24	17	12	26	26	18	26	10	9	17	15	23
Item380	19	10	8	6	16	13	20	22	19	6	0	24	26	22	8
Item381	8	6	4	13	12	6	25	29	16	13	19	3	13	22	21
Item382	5	0	25	12	23	24	6	28	28	30	6	18	10	9	5
Item383	7	4	23	16	20	21	14	5	15	20	4	14	12	22	13
Item384	3	16	23	12	18	2	13	21	22	6	26	14	10	12	27
Item385	26	5	3	13	2	26	7	18	22	29	6	26	6	16	10
Item386	26	13	21	5	5	13	3	11	30	17	3	23	13	5	30
Item387	21	28	14	7	10	1	18	15	15	13	15	2	27	21	14
Item388	7	25	3	1	26	12	17	25	12	21	22	19	18	10	14
Item389	18	30	18	16	24	27	22	7	3	15	26	24	24	24	25
Item390	9	26	25	21	20	16	23	29	2	23	11	3	1	10	22
Item391	14	6	4	0	12	18	16	19	11	22	17	28	26	11	28
Item392	5	10	26	11	29	21	11	17	19	19	8	24	6	12	16
Item393	7	25	29	7	26	12	10	13	16	3	26	7	1	30	23
Item394	1	2	3	28	12	9	27	18	2	18	1	11	26	6	23
Item395	9	24	12	11	20	30	20	9	28	9	18	26	23	3	23
Item396	14	21	23	26	14	27	10	26	0	9	7	23	25	21	18
Item397	10	11	9	3	5	3	26	10	19	14	26	10	28	1	25
Item398	25	12	26	1	7	27	21	9	28	2	23	24	16	17	8
Item399	4	2	5	1	7	19	28	23	15	2	11	18	2	6	14
Item400	3	25	29	5	17	28	18	8	23	29	17	3	1	16	10
Item401	27	9	16	19	10	13	10	4	16	26	3	22	4	23	15
Item402	27	27	25	24	1	13	15	17	7	25	18	0	19	12	27
Item403	7	9	25	11	18	27	26	4	11	27	11	28	2	22	16
Item404	15	12	12	14	16	27	0	16	12	11	2	7	7	8	12
Item405	17	26	8	12	18	15	18	16	23	22	12	20	17	4	29
Item406	19	14	23	27	15	9	25	8	6	30	15	19	15	6	0
Item407	17	15	25	28	30	10	5	18	8	0	3	19	20	9	7
Item408	16	20	8	7	9	15	10	7	27	14	5	5	30	4	5
Item409	28	8	22	23	8	4	6	8	20	9	25	29	1	2	16
Item410	0	25	18	14	6	1	15	17	23	18	24	21	2	22	24
Item411	6	30	12	16	26	27	24	14	4	13	12	8	29	30	10
Item412	17	23	20	28	4	3	1	25	16	26	25	6	10	8	9
Item413	22	28	14	5	25	6	29	1	7	11	24	15	16	28	7
Item414	16	21	22	21	26	20	10	6	11	21	22	27	27	1	29
Item415	29	19	3	11	15	9	18	1	28	14	16	24	25	23	27
Item416	30	28	5	2	26	26	9	17	18	8	1	20	9	23	29
Item417	24	23	17	9	21	22	4	2	5	21	13	26	19	19	23
Item418	22	5	12	23	19	2	0	10	14	10	24	23	27	20	14
Item419	5	25	10	24	19	22	5	14	10	26	15	20	27	22	0
Item420	25	29	6	21	28	21	8	26	10	22	18	10	2	7	9
Item421	2	15	23	3	30	27	4	21	23	18	14	14	19	5	5
Item422	19	28	22	13	20	28	22	7	21	21	18	2	28	13	30
Item423	13	16	25	27	4	9	24	15	7	26	21	7	21	3	27
Item424	0	21	5	13	1	14	16	20	29	2	7	22	14	23	26
Item425	4	21	24	4	6	4	27	6	6	1	16	2	25	13	25
Item426	19	29	3	8	10	3	3	29	13	27	13	17	4	4	9
Item427	28	21	16	20	17	16	3	28	14	2	18	29	8	8	27
Item428	19	22	5	25	12	4	18	3	2	11	29	28	22	17	9
Item429	28	8	19	11	1	10	23	28	29	3	6	11	12	29	23
Item430	22	26	4	28	15	11	26	12	25	21	21	5	12	21	17
Item431	11	4	28	5	13	15	25	7	8	28	12	3	27	15	20
Item432	11	12	23	24	9	20	9	1	27	8	22	24	23	22	7
Item433	28	23	28	21	26	1	21	18	20	17	20	20	15	18	12
Item434	12	25	25	19	16	22	4	28	5	12	5	14	7	0	27
Item435	0	15	0	17	11	22	20	19	24	14	14	17	11	12	2
Item436	3	30	10	0	3	7	8	19	5	27	26	27	26	15	9
Item437	21	20	9	25	12	28	29	7	12	26	14	27	26	1	2
Item438	27	3	3	23	14	3	12	17	12	28	13	4	3	15	16
Item439	25	21	26	3	7	4	17	14	6	11	20	3	7	28	12
Item440	15	18	29	27	2	4	21	18	16	26	18	8	22	7	8
Item441	8	11	16	11	22	28	9	16	11	2	30	16	13	22	0
Item442	14	1	17	5	6	5	4	22	2	2	11	11	26	17	14
Item443	21	28	16	24	9	4	26	19	1	26	26	19	3	3	4
Item444	23	7	10	16	17	11	9	17	8	26	24	26	24	20	7
Item445	30	3	17	9	23	25	25	10	22	19	6	0	21	20	1
Item446	22	16	5	12	25	29	16	17	25	19	11	29	20	7	28
Item447	14	13	16	22	15	25	5	1	23	11	3	25	10	18	10
Item448	15	16	7	11	14	3	12	4	24	2	28	3	13	29	26
Item449	11	27	14	10	15	18	2	16	28	10	2	27	0	7	0
Item450	15	2	7	5	23	6	4	26	7	29	11	15	0	22	8
Item451	21	2	26	11	9	18	19	5	2	24	24	28	18	28	1
Item452	25	6	2	18	24	28	1	13	7	14	2	6	1	1	24
Item453	22	19	6	10	21	12	3	6	29	29	9	22	3	12	16
Item454	28	10	27	8	0	28	6	21	27	7	21	20	4	22	11
Item455	11	3	23	8	5	22	17	8	19	6	18	20	19	28	1
Item456	20	17	4	26	20	2	16	3	30	4	30	1	23	5	15
Item457	27	13	11	16	26	4	12	3	18	18	22	24	26	11	27
Item458	21	21	16	20	12	26	11	30	12	8	22	10	15	18	17
Item459	23	20	4	8	21	10	9	29	10	17	20	1	29	9	0
Item460	17	28	17	27	29	23	29	27	20	19	18	2	19	26	1
Item461	2	17	13	29	28	26	25	23	20	16	7	18	11	17	9
Item462	17	3	11	13	15	15	23	4	11	26	5	12	27	29	27
Item463	6	13	17	26	19	14	5	27	14	17	1	29	22	7	6
Item464	16	9	26	26	11	21	1	13	21	30	19	30	16	26	12
Item465	29	22	25	5	3	9	5	25	10	23	15	10	2	12	14
Item466	4	6	24	1	7	20	13	3	4	22	18	3	29	11	21
Item467	29	5	5	12	3	27	4	9	11	28	27	23	0	17	7
Item468	26	7	18	10	30	24	24	10	24	26	26	12	30	11	25
Item469	2	6	5	23	14	22	22	8	28	7	28	0	12	20	12
Item470	24	12	14	4	23	21	3	23	2	20	12	25	25	10	17
Item471	8	0	1	29	22	18	2	15	27	2	3	9	24	4	5
Item472	1	19	25	6	14	19	1	8	24	3	21	13	26	26	13
Item473	11	17	16	16	13	11	14	14	22	28	28	4	26	3	17
Item474	19	28	28	21	24	18	4	21	9	18	5	5	28	24	15
Item475	11	16	22	23	18	2	23	11	21	21	18	18	26	18	25
Item476	15	5	12	20	13	6	19	20	3	29	29	17	27	27	23
Item477	30	6	18	9	9	9	24	12	29	24	19	5	0	25	27
Item478	22	30	18	29	9	26	15	0	27	20	26	21	7	0	15
Item479	26	24	27	11	22	6	29	28	25	11	1	6	6	20	15
Item480	13	12	29	5	21	8	12	25	19	24	3	7	29	6	11
Item481	14	7	17	18	17	25	15	26	21	16	22	12	12	26	20
Item482	4	12	10	15	26	13	11	26	14	7	25	25	28	9	9
Item483	3	13	26	7	2	28	8	16	25	2	8	25	22	3	11
Item484	14	2	29	28	27	18	9	20	19	21	5	12	12	3	15
Item485	28	24	22	15	19	16	24	4	26	28	3	14	29	11	19
Item486	13	3	28	27	2	20	10	21	2	4	29	14	16	4	15
Item487	9	27	20	4	29	10	15	24	20	22	1	4	4	16	15
Item488	7	26	28	9	27	30	29	15	29	14	26	22	12	18	21
Item489	28	3	4	12	9	12	0	27	3	8	29	16	26	18	15
Item490	10	2	16	12	16	29	8	5	5	23	11	22	9	7	28
Item491	26	13	14	29	10	24	27	23	20	17	8	8	21	19	4
Item492	28	27	14	6	11	28	13	6	7	20	29	8	18	0	27
Item493	10	17	22	23	15	15	16	21	23	22	27	19	20	27	27
Item494	8	29	15	28	24	3	7	29	8	10	13	26	11	17	19
Item495	16	17	5	17	14	17	16	2	12	4	19	14	14	12	27
Item496	18	9	20	2	30	19	13	27	14	3	2	5	17	21	21
Item497	17	24	24	2	11	20	20	3	1	24	13	22	11	14	29
Item498	4	14	19	19	25	24	19	15	21	16	13	16	15	13	11
Item499	17	19	13	6	1	25	17	11	17	24	4	13	28	26	24
Item500	14	6	8	23	23	5	21	7	28	27	12	3	7	29	11
Item501	8	1	18	10	10	17	5	23	9	24	17	18	21	18	24
Item502	30	3	9	14	8	3	1	17	1	4	17	20	18	19	24
Item503	6	18	25	14	19	24	30	9	16	29	9	23	16	21	1
Item504	7	19	10	10	29	10	26	3	16	1	7	25	9	0	7
Item505	29	12	17	21	18	23	22	16	24	3	13	15	20	1	29
Item506	22	21	27	19	26	28	24	10	20	27	16	9	19	23	20
Item507	15	6	2	3	16	29	25	23	30	19	18	22	9	28	7
Item508	14	2	20	2	12	2	27	2	21	10	19	3	20	19	4
Item509	9	7	21	13	16	25	21	16	17	20	21	6	27	19	22
Item510	21	5	28	28	9	20	12	21	19	19	15	28	27	17	20
Item511	27	22	29	3	20	15	29	23	29	5	8	16	27	19	10
Item512	13	30	24	1	12	9	24	13	4	21	11	7	1	2	6
Item513	23	12	26	20	4	9	20	7	10	20	9	13	22	6	16
Item514	17	1	5	22	17	28	28	6	11	5	15	12	24	11	17
Item515	3	19	10	7	4	29	13	10	22	3	6	7	7	4	10
Item516	12	5	23	26	28	29	15	12	24	6	3	19	5	26	2
Item517	10	18	1	18	10	19	14	10	7	26	24	8	29	12	19
Item518	8	16	1	18	22	5	0	8	8	8	15	21	24	25	21
Item519	14	10	30	12	25	6	28	18	29	28	17	9	6	11	5
Item520	17	21	7	2	2	28	23	19	29	9	12	23	22	26	16
Item521	26	11	20	22	7	8	29	14	3	24	30	25	2	8	29
Item522	1	16	14	26	18	7	16	9	29	7	21	12	3	11	10
Item523	22	14	8	10	25	24	26	19	25	25	8	19	11	26	3
Item524	7	0	9	26	21	13	19	27	18	29	0	7	28	13	7
Item525	23	4	28	25	1	23	5	26	8	7	20	8	5	2	13
Item526	20	21	26	6	21	5	17	25	22	29	14	18	25	28	8
Item527	5	12	3	20	27	3	28	24	1	6	27	16	8	6	7
Item528	8	7	4	3	2	5	30	16	22	22	3	17	0	29	24
Item529	29	3	20	19	3	6	12	0	28	6	29	7	20	5	25
Item530	23	13	12	17	12	16	28	12	16	20	3	6	3	26	18
Item531	25	9	15	27	27	8	18	26	20	16	17	16	19	19	5
Item532	11	19	0	25	20	29	10	1	17	24	9	8	25	9	15
Item533	20	2	23	11	25	1	29	3	26	12	3	18	21	1	5
Item534	13	2	0	23	26	24	14	6	9	29	0	2	9	28	15
Item535	20	24	20	22	19	21	9	19	0	13	3	19	21	17	22
Item536	20	22	27	2	17	22	12	14	13	21	22	4	20	8	10
Item537	28	12	29	15	14	12	30	7	7	2	1	14	28	5	25
Item538	15	30	7	9	13	16	4	16	13	15	6	8	27	13	20
Item539	13	18	11	18	3	13	12	20	16	19	10	7	10	5	20
Item540	3	11	17	15	1	5	22	22	18	9	5	26	10	2	29
Item541	13	23	24	5	24	17	22	25	21	15	1	18	23	11	1
Item542	25	22	26	24	20	9	20	28	1	26	9	17	27	13	10
Item543	12	16	5	20	8	8	16	26	3	12	3	6	20	10	4
Item544	18	3	16	16	6	18	2	16	19	14	28	25	9	13	10
Item545	3	3	1	27	12	21	17	5	26	24	24	18	1	5	1
Item546	4	6	18	2	19	14	11	16	7	2	3	23	5	5	8
Item547	30	21	27	9	7	3	24	27	13	15	26	5	29	27	18
Item548	20	21	14	17	1	19	22	16	30	19	16	3	13	6	18
Item549	19	25	8	15	3	14	1	9	5	19	12	16	24	27	28
Item550	26	19	5	22	10	30	17	17	21	16	15	25	13	27	17
Item551	8	24	26	14	18	10	10	15	1	27	7	16	22	14	9
Item552	20	19	27	28	13	7	13	7	5	11	17	22	5	12	0
Item553	2	3	6	29	27	2	6	30	20	11	26	4	19	29	22
Item554	2	7	28	20	16	1	6	30	18	3	3	4	2	22	4
Item555	26	9	16	15	25	5	14	25	20	28	24	28	15	7	26
Item556	27	9	25	24	16	7	7	23	13	28	22	20	25	6	3
Item557	29	28	29	7	12	11	5	24	6	14	5	27	0	21	17
Item558	27	2	30	27	6	27	28	19	6	7	20	16	19	3	1
Item559	4	21	11	22	22	5	20	4	10	15	2	12	2	27	22
Item560	5	15	16	25	11	17	23	27	21	26	9	25	28	11	9
Item561	24	15	20	3	17	18	14	8	3	12	11	9	25	20	29
Item562	16	14	5	17	19	12	28	30	17	21	1	5	25	14	25
Item563	24	25	3	26	23	4	20	14	25	13	12	14	23	11	2
Item564	18	14	7	25	14	26	14	19	2	19	4	18	21	16	18
Item565	23	22	4	2	1	22	5	20	2	11	5	1	24	18	11
Item566	28	12	22	16	6	21	20	2	3	4	27	27	27	5	6
Item567	20	3	0	30	8	8	13	1	1	16	22	3	16	24	14
Item568	22	12	19	24	15	28	4	8	9	12	15	13	7	8	9
Item569	8	16	29	7	7	21	20	2	7	21	29	5	0	7	18
Item570	3	21	18	12	19	6	17	19	28	25	22	25	11	23	15
Item571	23	1	15	4	21	6	27	10	11	15	5	18	17	15	27
Item572	21	7	5	3	23	20	8	17	19	4	6	10	13	2	8
Item573	21	25	20	10	8	4	17	0	15	1	6	9	18	5	21
Item574	7	14	21	22	6	3	17	2	21	26	1	15	3	30	29
Item575	28	11	17	12	25	27	2	23	29	19	28	14	13	24	9
Item576	14	13	18	26	6	8	20	2	6	19	3	26	29	15	9
Item577	17	17	1	18	22	2	0	15	18	20	29	9	7	22	20
Item578	19	14	22	20	18	9	17	5	22	2	0	30	20	4	28
Item579	21	6	20	16	5	20	23	23	10	13	18	16	5	1	4
Item580	2	25	0	3	17	19	11	18	22	11	29	15	9	5	26
Item581	29	17	19	12	12	2	25	27	19	8	21	22	2	23	21
Item582	2	11	4	13	10	11	24	25	27	1	28	6	7	8	28
Item583	8	3	20	2	16	28	3	20	12	26	15	27	13	5	12
Item584	14	11	10	22	26	24	2	19	9	10	18	20	21	8	4
Item585	25	2	19	9	14	8	6	30	28	6	23	4	27	3	5
Item586	5	6	18	30	11	12	8	17	10	2	15	20	2	3	15
Item587	1	28	24	3	12	20	15	15	30	13	1	24	11	16	20
Item588	28	24	27	0	10	0	23	20	29	12	2	17	8	6	11
Item589	12	4	22	6	27	13	30	24	23	30	27	17	27	3	26
Item590	4	29	17	24	28	3	11	4	5	4	11	8	4	23	11
Item591	25	18	21	14	21	16	11	3	24	25	11	26	22	27	4
Item592	26	20	16	9	3	12	29	29	29	10	4	22	29	4	28
Item593	23	7	12	9	24	30	14	25	12	15	23	8	2	22	29
Item594	27	28	5	29	8	20	15	22	3	9	5	5	19	14	5
Item595	21	16	7	23	21	17	5	5	17	0	10	16	17	22	30
Item596	20	0	4	4	27	23	2	2	19	22	8	25	2	23	3
Item597	13	29	6	19	3	24	15	3	24	4	14	7	25	22	20
Item598	15	26	2	14	9	27	5	24	2	4	19	3	22	23	16
Item599	14	19	27	20	23	9	24	9	11	28	16	7	24	23	0
Item600	17	3	22	21	16	5	8	20	27	15	28	30	17	22	26
Item601	22	19	4	5	19	26	6	24	21	5	8	1	27	12	4
Item602	16	2	6	15	4	8	9	19	17	27	18	29	17	30	10
Item603	9	9	12	16	17	6	26	17	28	12	22	12	19	1	9
Item604	12	19	22	16	29	12	3	25	9	9	6	12	14	23	4
Item605	10	1	11	12	22	3	19	14	24	11	12	22	6	27	28
Item606	8	5	9	17	28	0	5	5	12	9	25	7	30	7	10
Item607	13	22	3	20	2	1	3	0	28	24	18	7	8	1	23
Item608	3	16	24	15	22	17	23	27	8	22	15	19	7	28	2
Item609	4	6	15	17	2	8	16	20	17	14	16	27	28	13	4
Item610	26	28	18	3	22	16	21	11	26	24	15	7	10	3	5
Item611	17	6	1	14	1	18	4	19	20	16	25	10	26	10	28
Item612	3	11	13	5	18	5	11	5	7	2	13	18	10	23	6
Item613	19	5	25	22	9	2	18	4	18	26	18	2	14	11	18
Item614	14	11	12	29	12	28	19	4	11	8	28	22	15	18	25
Item615	26	22	12	28	29	20	8	29	30	7	10	11	16	15	18
Item616	28	1	8	12	6	22	23	18	21	0	4	28	15	24	11
Item617	10	17	7	22	15	17	29	10	2	21	18	19	2	21	28
Item618	29	7	27	13	3	15	11	9	13	12	19	15	18	22	26
Item619	22	28	1	25	25	12	26	3	22	25	12	20	18	29	24
Item620	3	16	22	13	19	2	2	21	3	4	6	2	12	17	14
Item621	11	5	9	21	0	11	26	26	9	2	5	2	16	29	28
Item622	13	25	18	20	29	23	23	0	14	17	24	5	12	30	15
Item623	30	23	23	2	7	6	12	20	26	11	23	17	0	8	1
Item624	23	10	28	18	7	16	18	5	25	22	18	15	19	17	9
Item625	17	19	8	7	23	24	20	17	17	27	9	5	22	3	28
Item626	19	18	12	16	30	14	26	23	23	3	18	5	24	3	7
Item627	3	18	1	5	16	11	22	5	19	14	14	5	14	23	8
Item628	20	18	14	30	3	24	26	15	10	23	18	11	8	5	18
Item629	1	1	19	21	2	3	15	2	2	4	19	9	7	6	10
Item630	17	12	19	9	7	25	3	4	23	3	22	13	27	5	14
Item631	30	28	15	20	9	19	13	20	11	24	1	27	20	17	16
Item632	8	20	12	17	24	11	8	15	3	24	14	11	1	16	4
Item633	10	28	17	25	26	3	18	15	19	18	29	2	12	13	23
Item634	30	27	17	8	4	30	26	11	7	23	12	20	26	28	21
Item635	20	21	23	7	6	3	21	4	29	16	15	29	12	9	26
Item636	7	13	4	8	1	24	20	21	27	21	13	15	26	15	25
Item637	17	24	20	6	10	5	24	0	14	16	13	4	25	10	13
Item638	11	26	25	29	20	29	12	5	3	2	28	23	13	14	4
Item639	1	6	8	28	29	24	3	5	24	22	9	10	15	0	19
Item640	27	11	23	27	2	4	24	28	15	22	17	11	28	25	27
Item641	7	17	14	1	21	26	10	21	24	23	2	5	27	28	23
Item642	1	6	5	9	7	26	21	5	1	25	29	4	13	7	27
Item643	4	14	23	10	5	14	19	10	20	27	4	14	20	14	29
Item644	8	5	29	6	22	1	0	21	10	2	11	27	5	2	7
Item645	11	18	7	30	29	4	8	14	27	1	28	12	0	24	29
Item646	28	23	2	9	11	30	7	1	26	3	28	28	18	15	5
Item647	1	20	3	21	20	15	25	10	4	22	21	29	24	27	27
Item648	11	2	24	14	20	28	15	24	8	25	15	30	25	24	9
Item649	5	21	12	28	4	2	11	12	24	5	11	15	3	4	27
Item650	1	20	17	11	29	9	19	22	14	25	28	1	14	10	3
Item651	26	2	4	27	7	26	5	13	23	1	18	26	21	2	25
Item652	29	23	15	7	16	1	17	21	24	14	9	0	12	2	9
Item653	17	1	28	3	25	29	17	27	8	11	18	23	6	26	19
Item654	11	27	27	6	20	15	13	23	26	13	17	8	20	9	14
Item655	27	21	13	14	16	27	8	14	30	3	15	26	14	6	27
Item656	19	3	14	24	12	17	21	13	24	15	14	14	26	19	26
Item657	14	10	10	19	4	22	29	0	4	13	15	11	9	21	1
Item658	27	4	3	17	7	27	27	26	17	22	14	21	18	13	23
Item659	5	7	13	20	21	24	20	13	9	13	17	26	13	26	14
Item660	24	29	9	10	13	18	18	21	26	21	20	20	23	27	5
Item661	27	29	30	14	5	24	13	11	23	16	14	19	17	5	22
Item662	24	24	13	20	24	22	16	23	23	2	11	14	1	10	1
Item663	24	28	12	10	3	9	11	18	28	14	5	3	10	15	29
Item664	18	20	12	11	26	15	4	16	17	29	28	21	23	27	18
Item665	27	19	5	21	15	22	29	19	3	20	6	5	20	0	18
Item666	1	15	13	12	5	16	23	4	18	25	8	25	14	28	2
Item667	7	30	15	13	22	21	17	20	28	24	7	16	1	10	12
Item668	28	22	8	7	13	20	28	14	29	22	24	21	24	10	24
Item669	19	11	20	23	5	23	5	22	20	25	17	22	24	17	26
Item670	15	2	19	23	3	19	10	11	26	21	29	16	22	10	10
Item671	19	22	21	13	26	16	14	15	16	2	11	17	23	16	24
Item672	15	15	8	2	23	18	8	22	4	6	2	12	2	10	27
Item673	18	16	15	20	8	24	26	30	23	23	19	10	25	5	26
Item674	3	24	10	13	9	18	13	25	21	11	14	6	16	14	21
Item675	7	25	19	28	18	2	23	30	8	21	22	23	11	7	12
Item676	1	28	29	22	1	10	27	29	13	24	27	20	19	24	7
Item677	25	15	23	11	25	16	7	18	25	12	25	14	11	29	23
Item678	15	5	12	11	29	10	24	7	11	0	10	19	2	14	8
Item679	15	5	14	5	23	17	29	29	29	26	9	0	1	5	0
Item680	7	18	17	20	28	7	5	29	5	29	7	24	20	21	10
Item681	5	29	20	5	3	5	19	20	12	14	1	17	28	9	27
Item682	28	28	24	26	27	23	18	12	24	25	27	29	28	10	28
Item683	28	17	12	0	25	4	7	3	9	13	22	29	12	5	14
Item684	17	9	21	2	19	14	30	3	2	14	8	21	23	29	18
Item685	19	7	8	23	30	9	21	29	25	6	21	24	16	7	10
Item686	19	23	4	1	6	0	19	28	20	8	3	16	29	22	19
Item687	9	7	0	26	30	28	13	25	28	7	28	28	22	26	18
Item688	27	13	1	23	1	3	25	0	7	12	9	21	28	3	0
Item689	1	11	11	3	12	14	29	15	18	1	9	22	23	1	1
Item690	5	13	24	13	17	21	29	17	2	6	15	6	17	28	17
Item691	16	24	13	17	17	12	15	21	25	5	26	13	4	28	6
Item692	3	1	4	18	14	27	23	9	22	2	29	30	16	27	13
Item693	1	7	9	6	13	18	11	19	11	8	7	11	15	3	25
Item694	10	27	4	5	6	29	27	13	5	2	30	10	6	27	25
Item695	28	25	25	15	6	17	19	19	26	22	20	26	7	6	14
Item696	21	25	13	15	26	5	18	7	1	5	9	25	19	20	9
Item697	19	5	3	4	21	12	22	23	15	18	28	18	23	7	14
Item698	3	9	28	9	11	7	10	14	7	25	1	14	3	3	1
Item699	7	22	29	4	6	4	25	10	8	7	3	6	21	14	1
Item700	10	18	8	2	8	25	2	4	2	12	5	28	2	2	12
Item701	12	18	25	12	9	4	4	19	0	21	16	1	22	5	24
Item702	3	27	26	22	27	3	12	14	23	24	17	6	8	4	8
Item703	21	15	19	20	30	7	2	1	19	8	30	30	1	5	14
Item704	25	24	14	29	3	16	23	15	16	19	12	24	19	24	8
Item705	21	24	21	15	10	26	12	0	25	18	10	6	16	22	29
Item706	22	20	9	19	3	10	15	0	8	26	5	25	0	28	9
Item707	22	18	15	10	19	11	13	18	24	22	5	28	25	20	24
Item708	0	9	10	7	8	24	20	21	21	13	11	3	11	3	2
Item709	18	29	17	29	13	15	4	7	0	26	21	5	8	3	27
Item710	21	28	21	5	15	3	19	23	29	12	7	16	24	23	8
Item711	0	20	11	16	8	10	19	7	12	24	4	26	15	0	8
Item712	16	5	5	30	16	2	28	20	1	3	22	14	23	25	21
Item713	25	5	20	27	24	10	2	4	13	10	28	15	14	10	17
Item714	2	10	10	20	4	21	28	16	11	20	30	30	1	26	6
Item715	11	19	16	4	23	19	1	6	20	23	17	6	16	0	28
Item716	16	9	19	22	14	4	5	15	16	20	19	8	2	7	5
Item717	25	9	20	19	30	1	16	15	27	9	17	11	11	23	10
Item718	28	27	28	24	14	6	4	16	25	15	27	1	5	6	25
Item719	16	29	3	22	16	15	8	24	5	19	1	4	4	21	10
Item720	14	26	15	1	3	6	27	23	9	13	11	15	14	3	14
Item721	15	15	18	15	29	25	22	18	5	19	4	9	20	25	19
Item722	28	26	22	11	19	20	12	28	11	9	13	7	7	13	11
Item723	2	21	5	27	13	1	1	20	2	13	19	1	6	9	22
Item724	5	29	17	5	27	14	29	3	23	12	0	0	21	25	27
Item725	23	8	21	3	27	4	21	2	30	27	15	10	17	14	29
Item726	22	28	1	12	4	5	13	24	21	27	12	15	23	2	26
Item727	21	23	21	20	8	5	24	13	9	3	13	23	12	3	27
Item728	21	20	11	23	18	11	27	7	10	1	4	10	0	29	2
Item729	11	7	29	22	6	13	6	23	25	20	8	24	3	18	25
Item730	1	25	18	22	8	25	18	17	6	4	15	26	3	8	6
Item731	27	13	13	9	5	27	29	20	8	12	8	10	23	2	28
Item732	0	12	11	20	15	23	8	4	12	20	14	21	24	12	13
Item733	28	14	1	3	19	1	11	19	18	15	6	28	15	5	17
Item734	10	8	5	28	12	28	28	16	8	16	19	27	10	12	5
Item735	7	18	12	14	3	17	17	28	0	23	19	18	22	12	11
Item736	11	29	7	18	10	27	19	0	24	25	30	4	3	6	20
Item737	17	26	4	18	16	27	25	3	0	27	8	4	11	11	27
Item738	13	29	13	12	30	23	27	20	6	15	2	10	25	9	5
Item739	17	15	30	3	3	5	12	14	16	26	8	2	29	3	27
Item740	16	15	16	8	19	14	14	11	6	4	28	15	12	17	19
Item741	19	17	15	8	18	19	14	15	29	8	17	2	16	5	12
Item742	27	25	9	15	23	14	12	7	15	21	16	22	1	4	5
Item743	16	25	17	6	14	15	25	9	2	30	23	22	0	6	28
Item744	29	4	9	11	4	21	10	2	28	1	18	13	21	0	22
Item745	12	8	1	6	7	1	13	27	9	3	21	13	5	26	22
Item746	10	10	14	15	26	3	15	17	15	1	7	18	20	18	25
Item747	15	22	21	21	28	0	10	4	17	21	13	9	22	1	21
Item748	23	20	21	14	3	25	29	15	27	18	9	20	7	2	2
Item749	18	10	18	29	15	18	20	15	21	0	28	3	10	25	8
Item750	21	11	12	23	9	13	6	13	18	3	23	3	9	21	1
Item751	4	10	1	0	23	28	7	12	1	27	29	7	12	3	3
Item752	30	14	17	27	22	1	3	13	17	8	3	11	3	5	24
Item753	25	26	8	15	8	5	19	23	16	29	18	3	11	24	2
Item754	1	29	9	19	23	13	29	13	24	21	20	5	25	23	19
Item755	2	17	15	22	25	7	20	0	6	23	18	8	4	6	23
Item756	3	28	10	1	12	21	16	8	15	15	7	27	4	22	22
Item757	10	25	24	20	28	9	18	15	23	29	15	22	24	25	2
Item758	5	8	23	23	0	14	21	19	2	6	30	14	25	28	28
Item759	2	10	8	4	18	4	3	8	9	30	0	18	26	7	1
Item760	29	5	11	21	5	24	3	10	13	23	14	0	20	18	15
Item761	21	29	8	21	11	28	19	3	21	14	18	7	25	1	27
Item762	21	12	15	22	13	0	27	23	3	19	15	11	23	16	18
Item763	7	26	14	25	20	13	4	14	28	24	27	21	7	15	11
Item764	24	28	27	18	12	17	20	18	4	19	7	16	14	14	13
Item765	24	24	24	29	8	10	24	17	12	6	10	28	16	0	25
Item766	5	10	19	27	23	26	17	21	10	14	2	29	10	2	2
Item767	11	2	15	2	5	4	12	16	9	9	17	20	10	17	5
Item768	11	23	9	23	30	28	8	4	18	1	25	16	18	29	27
Item769	24	18	27	15	10	18	20	11	23	9	22	5	27	23	20
Item770	11	17	20	5	4	20	18	6	8	28	14	1	4	29	7
Item771	17	21	22	1	23	5	19	1	12	7	14	1	19	7	24
Item772	12	19	6	29	29	20	4	7	27	17	8	27	26	10	22
Item773	29	22	25	2	12	29	2	7	2	27	17	7	16	26	16
Item774	21	22	21	21	20	25	4	5	28	6	24	1	23	2	3
Item775	23	10	22	27	9	16	12	25	2	4	15	5	14	17	3
Item776	4	8	22	22	7	16	16	18	23	21	30	11	17	20	15
Item777	25	7	16	25	25	14	6	21	16	1	20	22	10	15	3
Item778	9	28	1	24	12	23	14	16	0	21	13	25	1	20	26
Item779	16	13	14	3	19	28	23	11	27	26	17	20	23	6	22
Item780	2	23	21	21	24	27	12	15	2	5	7	21	21	6	29
Item781	8	12	24	29	29	11	25	10	9	5	10	8	24	26	16
Item782	11	21	14	3	15	26	14	19	27	21	25	16	25	1	27
Item783	2	20	2	25	25	22	27	28	1	13	23	21	29	7	26
Item784	13	27	20	8	16	7	3	19	21	30	28	28	8	23	17
Item785	17	22	25	1	18	25	28	19	8	12	27	18	1	13	13
Item786	29	10	28	16	13	7	19	22	5	25	27	13	3	16	12
Item787	3	27	3	24	20	23	10	18	21	13	26	2	12	23	29
Item788	1	9	28	16	20	12	7	27	12	1	29	29	1	19	15
Item789	7	28	22	6	28	10	14	19	12	9	14	11	22	23	15
Item790	2	30	9	9	18	4	3	8	16	14	28	4	12	20	25
Item791	15	14	16	18	7	8	28	3	15	13	30	20	15	13	19
Item792	7	26	21	20	4	24	12	28	17	6	5	6	27	4	30
Item793	30	10	11	18	5	8	13	1	14	25	28	8	13	9	4
Item794	18	2	22	9	23	5	2	11	4	24	11	11	10	4	0
Item795	14	30	28	26	2	29	16	17	24	12	27	11	2	21	19
Item796	24	8	26	29	2	20	17	14	1	6	1	15	28	21	6
Item797	11	18	30	28	8	2	8	16	7	4	23	22	24	1	12
Item798	20	28	7	11	5	14	27	14	7	14	5	26	6	26	28
Item799	2	8	4	4	6	2	0	22	27	29	6	15	21	20	9
Item800	4	11	12	7	19	12	22	20	15	23	4	28	6	29	23
Item801	5	23	2	14	24	19	26	30	11	30	24	21	21	6	11
Item802	9	16	15	28	0	27	16	29	28	0	3	14	0	7	3
Item803	25	11	2	8	30	23	18	14	15	16	24	11	25	19	5
Item804	21	11	27	19	0	17	15	2	15	14	6	19	25	12	9
Item805	28	23	15	18	24	21	2	26	15	29	11	19	25	16	9
Item806	22	3	4	13	3	30	19	6	20	19	3	27	23	12	28
Item807	1	2	17	25	28	5	10	29	7	27	0	22	24	8	15
Item808	28	29	3	4	1	10	30	28	18	11	28	10	12	20	29
Item809	28	27	24	14	18	4	7	12	16	30	12	25	27	22	7
Item810	3	11	9	10	22	3	19	1	16	18	8	15	26	8	28
Item811	4	3	9	6	2	17	5	20	15	5	14	24	18	1	8
Item812	11	11	11	24	22	14	9	24	19	3	10	12	9	20	21
Item813	4	21	11	25	27	27	16	29	21	30	9	26	17	13	20
Item814	15	27	20	22	21	5	10	17	26	8	6	21	21	10	4
Item815	21	17	12	24	27	2	3	20	12	25	15	15	12	3	19
Item816	19	18	15	28	18	10	23	7	18	7	15	22	6	7	5
Item817	3	10	28	24	29	6	26	15	7	24	9	3	16	3	11
Item818	11	10	13	22	24	6	8	19	15	19	24	4	28	16	8
Item819	3	0	13	19	29	1	21	10	26	9	22	21	17	0	7
Item820	24	12	15	1	13	29	14	17	2	1	5	22	29	6	30
Item821	30	28	26	12	21	6	15	5	21	19	9	26	7	10	28
Item822	19	10	28	5	18	12	10	2	7	29	21	10	10	1	23
Item823	9	9	14	9	12	2	12	18	4	19	11	15	1	29	19
Item824	26	4	19	20	4	13	16	11	3	24	4	20	2	21	30
Item825	28	19	23	26	19	22	16	6	17	20	5	3	5	19	3
Item826	2	16	10	2	17	4	29	2	21	19	21	23	20	16	5
Item827	22	28	19	4	9	15	30	14	17	18	29	24	10	13	23
Item828	24	6	5	17	1	24	24	22	3	1	25	14	2	20	11
Item829	2	25	8	27	21	8	7	7	7	17	11	11	28	8	2
Item830	14	12	7	0	4	5	28	6	19	2	18	28	9	2	12
Item831	21	23	12	15	27	9	1	2	28	15	26	6	26	4	1
Item832	3	6	8	14	2	3	13	13	21	19	25	3	10	20	26
Item833	28	27	14	26	8	10	12	7	12	29	26	17	24	10	9
Item834	4	13	22	19	2	16	18	13	5	4	14	5	2	23	18
Item835	21	27	7	9	28	3	28	22	5	17	21	22	12	9	9
Item836	24	11	2	2	0	19	17	6	20	5	6	29	23	6	9
Item837	16	21	2	4	4	15	8	18	1	2	5	7	11	9	17
Item838	17	18	7	28	30	0	20	10	12	23	30	9	13	16	7
Item839	28	25	24	26	10	22	16	3	21	22	2	7	5	15	20
Item840	29	5	28	13	1	21	23	25	29	21	30	14	29	2	18
Item841	2	5	10	1	5	17	20	2	13	8	7	6	12	15	24
Item842	9	17	13	23	7	24	15	19	7	15	27	10	8	11	1
Item843	30	17	15	10	29	1	13	23	27	12	10	5	25	4	4
Item844	9	26	26	19	4	10	25	0	6	26	9	14	30	22	18
Item845	2	18	20	21	10	12	22	8	19	22	9	20	13	5	17
Item846	11	15	15	27	28	26	16	29	11	10	21	2	14	17	11
Item847	10	9	26	13	12	19	4	20	28	19	20	11	27	6	23
Item848	19	11	14	29	26	12	3	9	23	9	22	6	25	24	18
Item849	12	25	1	16	18	11	13	17	16	19	3	26	17	27	6
Item850	17	16	18	21	16	20	14	8	25	10	21	17	22	17	30
Item851	14	17	15	15	3	2	25	2	20	2	2	27	24	13	10
Item852	21	22	28	2	29	19	27	6	28	16	27	11	10	19	19
Item853	28	20	0	10	16	18	19	12	27	19	21	30	27	11	22
Item854	9	30	29	10	24	20	23	28	13	11	13	25	27	28	19
Item855	16	21	25	17	16	29	6	6	26	18	20	26	15	7	20
Item856	20	18	23	7	21	16	21	2	3	13	28	5	6	29	18
Item857	24	23	23	15	30	10	21	11	0	6	23	9	18	13	10
Item858	21	17	5	27	3	19	23	25	21	11	27	22	12	15	2
Item859	23	24	9	7	28	21	24	30	3	28	10	25	24	23	26
Item860	26	28	28	13	1	12	20	6	27	4	9	30	14	6	20
Item861	8	23	8	15	28	27	4	22	23	30	15	5	14	27	28
Item862	5	8	26	24	6	3	21	30	21	6	15	26	2	12	4
Item863	10	28	15	30	6	1	11	29	13	12	17	23	9	2	5
Item864	28	26	4	13	10	8	7	3	29	12	9	21	1	18	11
Item865	11	18	18	2	1	10	23	2	15	2	7	15	13	9	30
Item866	15	5	22	27	11	22	13	14	24	8	21	7	20	18	6
Item867	12	22	17	27	15	27	22	20	14	15	23	21	6	21	13
Item868	9	18	20	4	5	22	29	3	12	3	24	4	5	28	23
Item869	22	23	26	6	25	16	26	1	4	25	22	8	21	2	13
Item870	22	2	15	16	1	29	9	5	12	14	1	14	29	20	20
Item871	14	12	9	15	20	7	28	25	19	19	9	3	19	14	29
Item872	11	27	30	17	22	17	28	5	18	6	19	10	19	29	3
Item873	25	26	15	1	2	18	14	10	27	26	17	14	25	3	26
Item874	5	28	25	23	18	20	23	12	24	25	21	8	23	24	1
Item875	11	10	22	13	0	18	13	20	10	3	28	6	10	7	10
Item876	19	3	15	11	20	9	16	13	18	5	12	19	24	8	21
Item877	6	15	29	27	13	10	20	18	20	7	26	30	12	4	3
Item878	14	3	2	29	18	5	16	6	2	29	2	25	28	12	26
Item879	22	26	3	17	5	18	1	11	18	22	24	18	26	24	14
Item880	24	3	22	15	4	17	7	12	15	8	10	6	12	1	22
Item881	21	19	3	9	29	25	19	15	7	12	23	8	12	24	20
Item882	11	10	19	10	22	7	5	25	27	18	2	17	4	12	1
Item883	16	9	14	2	1	5	26	3	1	18	17	1	2	29	0
Item884	9	26	15	13	10	20	13	6	12	7	17	29	16	28	9
Item885	29	17	13	18	11	9	29	23	27	9	24	6	3	29	28
Item886	13	14	17	10	6	22	18	26	5	25	11	14	25	6	28
Item887	9	19	22	15	15	4	19	27	10	28	16	21	5	22	19
Item888	20	8	3	12	5	15	26	28	13	2	29	12	11	8	17
Item889	14	3	14	8	25	11	28	24	1	8	4	8	8	17	20
Item890	23	11	3	25	16	5	17	26	6	1	11	8	10	5	27
Item891	9	16	4	2	18	10	25	4	29	14	4	9	18	14	2
Item892	23	5	10	22	9	1	14	29	3	9	18	29	10	15	12
Item893	21	4	3	29	10	10	29	13	16	12	16	18	6	12	5
Item894	18	26	27	10	14	7	0	5	17	9	10	5	15	25	18
Item895	9	8	20	26	2	12	3	5	17	1	9	1	10	18	27
Item896	3	10	18	10	9	8	27	17	27	3	17	10	26	14	21
Item897	7	8	5	7	21	14	26	6	11	17	24	10	19	8	14
Item898	26	21	18	7	4	28	12	9	28	12	12	14	29	13	10
Item899	6	1	19	11	29	10	10	22	13	7	21	17	11	1	11
Item900	1	0	8	6	30	12	7	29	23	11	27	26	24	6	6
Item901	25	2	5	17	4	12	7	19	30	19	3	7	4	7	5
Item902	4	9	16	25	13	10	29	6	13	5	3	16	5	1	6
Item903	23	26	8	13	21	17	19	4	18	7	19	16	23	8	12
Item904	22	3	2	15	18	15	2	1	4	9	4	5	18	14	29
Item905	13	27	1	22	27	16	21	11	29	20	21	6	24	5	7
Item906	11	4	2	22	5	6	8	6	28	24	3	30	24	29	15
Item907	6	20	14	2	10	28	4	1	0	9	15	26	5	10	5
Item908	25	6	16	12	14	23	19	20	19	5	12	19	5	13	13
Item909	17	10	26	27	10	26	14	15	29	25	27	17	7	22	26
Item910	28	15	9	17	17	14	7	25	27	14	15	3	13	20	0
Item911	23	0	0	12	17	18	28	2	23	23	20	19	26	8	3
Item912	24	1	16	30	29	14	14	10	13	27	6	7	23	15	28
Item913	19	26	19	23	15	22	14	12	21	18	16	16	12	29	9
Item914	20	2	11	29	14	8	23	9	2	24	16	26	22	6	29
Item915	30	18	14	18	17	4	15	17	18	25	17	25	10	4	14
Item916	0	10	25	7	21	26	4	14	19	24	4	14	4	27	28
Item917	7	27	2	17	27	7	24	23	11	20	26	5	9	6	26
Item918	10	20	2	21	8	25	6	21	15	16	4	13	9	2	13
Item919	7	8	24	17	21	13	13	22	12	14	5	20	25	24	23
Item920	14	12	8	12	19	12	15	14	0	9	12	10	15	26	13
Item921	5	5	7	21	9	27	15	14	22	15	15	5	16	16	6
Item922	28	22	11	23	27	9	19	15	11	13	25	13	15	16	27
Item923	11	1	0	10	24	23	28	11	21	17	28	6	5	21	11
Item924	3	29	12	29	28	25	0	27	5	8	23	26	20	26	27
Item925	29	15	24	1	27	15	29	19	3	3	17	8	16	26	15
Item926	8	20	23	10	10	10	6	25	2	29	17	21	5	7	1
Item927	1	16	12	9	19	24	11	19	16	2	15	10	2	7	11
Item928	3	13	25	21	14	26	30	5	4	30	11	20	4	4	20
Item929	13	12	14	12	4	9	14	3	11	28	2	13	29	5	12
Item930	18	7	7	27	28	3	5	9	25	16	18	22	17	27	6
Item931	5	10	23	19	16	13	29	10	4	26	17	15	18	6	15
Item932	14	19	13	13	27	22	29	22	6	18	6	21	15	20	26
Item933	17	22	1	14	7	12	9	23	6	13	19	14	10	25	14
Item934	26	1	11	26	10	24	20	14	7	2	10	13	29	9	11
Item935	7	11	13	11	19	19	5	22	17	9	10	16	20	27	20
Item936	11	11	15	21	12	1	13	25	25	0	12	3	3	19	15
Item937	14	4	9	5	2	3	16	29	17	23	19	0	21	14	17
Item938	27	5	14	28	24	17	7	19	7	29	13	18	27	19	2
Item939	8	13	13	4	20	28	28	1	6	29	6	23	30	15	28
Item940	10	6	29	10	19	4	14	3	18	25	8	5	25	23	16
Item941	22	11	18	10	2	19	14	23	16	2	24	6	23	29	23
Item942	17	21	15	28	8	11	2	9	4	11	3	27	5	24	5
Item943	24	23	7	7	18	25	9	27	1	8	2	16	2	13	22
Item944	17	10	19	23	29	17	25	25	15	5	11	24	16	9	7
Item945	26	1	10	4	7	30	18	6	20	20	3	14	23	24	15
Item946	14	5	21	20	5	20	9	26	2	1	15	1	4	1	5
Item947	23	9	27	11	12	6	4	7	29	1	25	17	10	5	23
Item948	30	13	10	29	13	3	11	24	8	2	7	19	22	12	8
Item949	16	9	9	11	18	4	11	28	21	7	18	18	17	25	12
Item950	14	14	3	18	3	30	29	5	4	21	3	9	7	22	6
Item951	26	10	6	13	29	29	26	11	28	26	1	7	17	19	7
Item952	22	4	29	1	6	26	6	19	22	6	28	14	11	4	1
Item953	11	8	19	8	29	23	3	14	22	29	14	12	26	28	1
Item954	28	16	12	10	11	17	14	3	12	1	29	28	4	16	3
Item955	20	24	7	25	29	2	4	21	8	0	24	1	2	19	12
Item956	2	30	19	11	4	24	24	8	8	21	14	22	28	29	3
Item957	28	20	26	28	8	14	4	20	25	12	25	20	18	25	15
Item958	6	6	27	16	6	13	7	25	6	22	7	21	12	8	11
Item959	14	4	18	22	12	28	21	18	12	10	28	1	30	4	7
Item960	11	17	20	12	15	8	23	2	28	12	9	7	25	25	7
Item961	14	3	13	15	24	5	21	17	30	18	28	26	20	17	25
Item962	1	25	4	17	17	1	4	29	11	6	9	7	25	13	0
Item963	5	25	17	16	14	7	20	10	0	20	23	25	8	26	30
Item964	23	23	30	15	16	24	16	25	4	27	10	12	4	0	3
Item965	16	23	11	1	1	2	2	2	18	29	7	11	9	25	29
Item966	21	23	16	25	14	27	27	17	9	30	0	5	11	6	17
Item967	21	8	11	24	22	11	27	28	24	4	30	15	5	4	28
Item968	24	24	0	2	18	6	4	15	6	30	12	4	28	12	5
Item969	11	13	13	27	29	9	13	10	21	24	20	11	14	25	16
Item970	6	26	7	23	20	3	18	15	21	18	22	0	29	25	17
Item971	20	4	20	28	5	6	11	16	20	15	22	8	27	30	0
Item972	20	29	12	1	4	10	8	28	19	21	8	14	28	20	19
Item973	28	5	27	15	27	19	23	7	27	2	4	19	20	3	27
Item974	18	1	12	18	28	18	29	20	1	20	8	13	26	5	17
Item975	16	12	13	1	4	9	16	18	1	30	16	27	21	27	16
Item976	18	9	4	3	1	2	23	7	1	10	29	22	12	2	27
Item977	9	10	15	29	8	15	4	6	13	2	12	28	4	3	22
Item978	14	20	12	9	28	16	9	1	24	22	3	19	15	14	3
Item979	18	11	9	17	12	22	6	16	29	9	8	3	11	8	28
Item980	23	22	23	5	12	28	22	20	13	14	10	22	17	6	3
Item981	11	22	4	22	23	0	25	10	3	29	17	3	22	7	28
Item982	28	10	16	1	5	5	15	5	28	0	19	13	14	20	14
Item983	4	23	26	10	25	28	20	5	27	16	27	29	29	19	7
Item984	11	8	11	15	10	3	13	1	14	27	5	27	23	12	30
Item985	17	6	11	30	19	11	7	7	15	27	24	15	6	29	6
Item986	28	1	29	16	1	8	9	17	20	1	2	19	10	6	7
Item987	20	12	9	19	19	6	30	12	27	14	1	15	6	19	21
Item988	7	22	7	11	23	11	25	5	15	4	20	10	26	14	16
Item989	20	22	28	29	13	9	9	11	22	19	9	0	24	13	16
Item990	20	15	20	4	3	3	28	18	6	27	19	25	7	10	20
Item991	2	4	12	8	3	4	21	29	22	23	13	14	9	21	8
Item992	3	21	12	22	19	14	26	30	16	3	17	29	26	8	15
Item993	15	8	15	14	9	16	3	2	4	2	10	18	11	4	14
Item994	18	11	10	25	25	10	7	7	16	9	8	8	28	5	7
Item995	2	29	29	30	2	17	14	8	18	25	27	2	24	1	19
Item996	19	0	26	26	23	10	28	24	14	21	18	2	26	4	10
Item997	9	13	15	12	21	25	18	29	9	28	12	20	16	6	21
Item998	1	23	3	9	21	26	8	0	15	9	29	23	10	19	13
Item999	13	10	17	18	5	8	13	14	17	0	9	6	25	13	29
Item1000	5	0	11	24	10	1	5	14	27	21	27	13	0	8	12
Item1001	6	27	18	18	23	11	18	4	5	9	11	20	23	26	23
Item1002	20	27	2	26	3	14	16	11	11	13	28	28	11	2	19
Item1003	20	2	21	28	26	10	22	15	24	10	18	21	18	16	27
Item1004	16	22	23	10	17	21	4	24	15	16	11	11	15	27	25
Item1005	15	1	25	29	26	9	24	20	6	15	9	13	3	17	8
Item1006	1	2	27	16	29	7	5	1	24	22	10	5	1	26	17
Item1007	26	8	20	22	19	23	7	4	26	9	19	9	14	14	30
Item1008	10	20	27	19	8	13	1	19	1	20	4	4	28	22	23
Item1009	19	10	26	21	0	22	23	12	12	17	23	5	24	16	3
Item1010	24	1	19	11	29	14	12	2	3	14	8	10	18	7	16
Item1011	28	20	12	21	21	3	12	26	29	8	9	22	26	24	28
Item1012	24	17	16	17	5	17	24	11	10	22	12	9	30	15	12
Item1013	11	5	1	14	19	14	1	26	20	25	10	16	4	15	0
Item1014	24	16	4	21	6	20	21	10	15	8	7	8	10	28	28
Item1015	1	28	17	22	28	9	8	21	30	15	7	16	23	11	14
Item1016	6	29	30	6	7	22	9	19	7	0	11	29	17	5	29
Item1017	20	3	11	27	5	26	15	17	23	11	2	2	17	10	5
Item1018	19	23	28	7	30	1	25	28	20	9	24	7	23	1	3
Item1019	26	13	14	5	29	22	13	18	1	13	7	7	9	21	6
Item1020	14	12	14	1	26	21	9	12	0	13	6	8	9	22	12
Item1021	27	28	29	18	13	26	21	16	4	10	8	25	26	3	2
Item1022	4	16	19	13	14	7	16	26	13	7	2	10	28	0	4
Item1023	6	7	26	27	24	25	4	14	29	26	23	7	15	21	5
Item1024	27	9	10	17	13	24	23	13	26	24	7	5	4	15	30
Item1025	10	8	16	11	0	24	12	18	17	28	19	9	0	7	19
Item1026	6	3	19	11	3	3	23	2	20	7	3	11	4	16	10
Item1027	8	11	24	16	14	19	5	1	13	13	24	10	11	13	25
Item1028	16	22	13	2	29	27	20	9	4	28	1	8	4	9	26
Item1029	2	12	1	18	9	9	3	23	23	1	4	9	27	19	26
Item1030	21	7	24	3	10	8	23	23	22	14	17	11	29	1	8
Item1031	19	17	24	6	22	17	1	3	7	13	6	26	6	10	18
Item1032	20	2	20	15	4	25	9	9	13	29	20	21	2	29	15
Item1033	18	3	29	15	23	22	21	6	7	21	8	22	29	2	22
Item1034	11	11	12	12	25	6	24	0	29	27	12	7	6	11	7
Item1035	16	29	4	19	20	26	22	19	3	18	18	4	11	26	25
Item1036	9	3	20	23	6	21	25	21	9	23	7	9	18	14	14
Item1037	6	27	27	19	30	2	27	23	5	11	16	25	16	3	25
Item1038	26	15	5	22	26	28	10	25	18	22	5	14	4	29	0
Item1039	14	8	16	11	24	17	14	20	17	6	14	6	19	10	4
Item1040	17	9	14	12	15	16	20	21	8	29	8	17	3	12	14
Item1041	21	18	8	17	16	10	3	24	4	22	8	23	19	19	2
Item1042	24	4	24	3	7	22	4	0	20	12	18	22	15	16	16
Item1043	24	4	13	25	16	9	25	26	7	23	22	22	11	12	9
Item1044	28	3	2	2	7	6	12	13	1	4	11	23	16	29	16
Item1045	21	1	4	18	10	5	25	25	1	3	28	13	9	8	24
Item1046	22	2	16	17	6	3	1	25	29	6	23	7	4	6	15
Item1047	6	23	9	27	14	5	29	26	12	14	10	28	20	4	10
Item1048	27	22	14	6	15	25	3	8	17	6	24	30	1	19	11
Item1049	14	27	24	9	25	10	21	3	0	24	6	23	19	29	16
Item1050	27	6	25	26	10	23	29	0	0	17	23	20	4	17	13
Item1051	16	9	17	27	1	27	25	28	7	0	23	22	29	9	3
Item1052	4	7	23	2	24	15	12	22	30	21	10	14	3	27	10
Item1053	26	0	11	26	20	13	23	25	11	6	16	16	26	9	3
Item1054	22	3	1	28	25	7	14	4	3	4	14	11	20	14	25
Item1055	23	19	26	27	4	11	10	21	20	15	15	28	4	3	19
Item1056	7	11	10	20	2	30	7	21	25	11	3	14	26	26	15
Item1057	4	26	12	11	25	9	5	11	5	10	9	17	22	18	30
Item1058	24	14	23	7	24	4	4	17	27	17	5	0	9	22	27
Item1059	27	5	28	11	30	15	16	11	15	7	15	9	4	7	5
Item1060	11	10	4	18	1	22	0	19	22	21	18	16	9	17	2
Item1061	16	18	20	7	23	9	2	21	14	8	13	8	12	11	19
Item1062	12	27	2	28	5	2	26	11	14	29	25	19	5	29	7
Item1063	3	23	13	13	9	26	18	11	28	21	7	30	23	3	28
Item1064	24	22	28	20	11	20	12	10	5	0	6	27	4	4	17
Item1065	7	4	18	1	13	4	22	23	21	11	4	26	29	15	25
Item1066	14	23	2	10	27	19	1	3	16	2	25	23	18	11	15
Item1067	9	18	8	9	23	6	16	20	7	8	2	21	27	3	24
Item1068	3	30	21	9	20	27	16	27	23	9	26	20	2	7	5
Item1069	18	0	28	3	25	29	2	24	14	9	2	16	2	17	20
Item1070	0	25	10	26	2	16	30	6	8	3	29	13	11	15	2
Item1071	7	4	12	1	0	8	1	17	30	28	15	21	11	9	20
Item1072	30	28	20	4	2	13	20	18	22	23	13	10	20	16	15
Item1073	22	10	0	24	2	0	12	16	9	20	13	3	18	25	10
Item1074	3	18	13	12	27	12	11	10	21	16	9	30	18	10	13
Item1075	2	2	18	29	9	17	8	4	19	24	10	21	11	20	12
Item1076	24	24	27	16	4	27	9	8	25	15	30	16	16	23	3
Item1077	0	8	18	30	4	8	8	20	26	6	30	3	14	10	10
Item1078	6	1	23	29	23	22	7	16	22	14	2	27	25	30	3
Item1079	8	25	12	17	12	2	9	9	12	3	13	14	10	18	2
Item1080	21	23	26	10	19	23	22	25	2	4	16	16	16	0	27
Item1081	24	4	20	27	2	22	7	12	5	16	9	1	28	30	0
Item1082	20	4	17	25	21	12	15	7	30	0	8	4	28	20	19
Item1083	14	10	1	8	27	17	18	3	7	13	11	14	19	20	15
Item1084	23	12	19	27	8	11	8	4	28	2	23	5	2	1	19
Item1085	18	8	12	23	27	11	27	8	3	19	5	12	4	25	27
Item1086	22	1	6	13	5	22	2	25	29	21	0	6	30	9	25
Item1087	18	11	14	25	27	26	15	20	1	25	15	11	10	5	4
Item1088	9	17	21	12	21	20	1	28	21	12	8	26	12	8	13
Item1089	4	9	8	16	29	19	16	28	8	1	12	21	21	10	10
Item1090	14	1	21	1	12	18	11	13	6	15	27	21	14	9	30
Item1091	15	8	28	30	28	10	5	15	27	14	0	1	16	16	30
Item1092	7	19	14	14	10	7	7	2	9	18	26	18	2	24	13
Item1093	17	7	8	28	2	17	17	26	8	27	11	17	23	10	26
Item1094	8	6	24	20	19	23	2	10	15	22	16	29	6	18	28
Item1095	2	23	13	14	6	6	6	15	17	29	25	28	17	17	14
Item1096	8	25	18	3	1	22	25	18	1	16	28	23	7	7	4
Item1097	23	20	5	29	17	14	22	18	2	29	4	7	15	23	23
Item1098	11	7	7	9	15	30	23	9	30	28	29	21	2	12	22
Item1099	5	17	27	10	19	12	10	21	18	10	25	5	27	5	25
Item1100	15	29	4	18	24	30	22	23	25	22	18	11	19	9	22
Item1101	19	10	9	27	24	16	6	30	11	18	10	3	24	24	6
Item1102	10	4	7	11	13	22	9	15	23	22	23	6	3	27	22
Item1103	30	22	8	8	8	8	9	16	18	16	26	7	3	26	17
Item1104	27	28	1	15	20	29	6	20	26	22	14	7	13	28	11
Item1105	28	11	3	16	16	28	8	3	28	1	14	18	20	24	28
Item1106	29	4	19	30	1	5	2	3	15	18	1	3	14	12	7
Item1107	1	5	21	21	20	2	13	13	23	3	26	3	20	9	28
Item1108	14	26	30	23	8	6	25	9	24	8	14	6	10	10	18
Item1109	21	15	26	21	11	16	11	26	19	22	15	22	24	15	15
Item1110	26	6	1	22	24	14	28	16	21	4	23	22	7	25	12
Item1111	4	8	21	21	29	9	20	18	11	9	26	14	10	3	20
Item1112	10	21	3	26	12	27	17	6	2	1	3	26	4	17	7
Item1113	9	23	24	9	29	10	5	23	19	20	16	6	22	8	10
Item1114	7	15	2	25	3	16	15	8	25	15	30	28	23	4	18
Item1115	17	28	19	29	28	2	28	21	13	16	21	1	16	3	23
Item1116	14	19	20	20	0	13	20	19	2	18	21	4	19	21	13
Item1117	8	7	21	12	25	21	26	16	3	20	20	20	27	26	11
Item1118	28	25	14	5	26	2	29	22	3	10	18	26	21	29	7
Item1119	29	5	4	14	23	17	13	28	14	26	13	29	8	28	8
Item1120	6	28	24	27	27	14	24	27	25	0	4	29	3	15	17
Item1121	5	23	24	16	11	1	18	21	7	25	11	16	17	17	25
Item1122	14	28	19	26	26	23	20	22	21	18	6	3	17	15	14
Item1123	8	7	10	10	18	17	2	22	19	30	6	24	18	28	10
Item1124	8	13	15	26	30	1	11	20	22	9	21	23	5	1	22
Item1125	30	20	4	16	8	10	14	10	7	17	5	23	30	5	16
Item1126	17	30	12	27	9	19	10	15	10	2	14	21	10	20	14
Item1127	25	2	18	8	26	4	1	13	19	9	25	23	13	6	15
Item1128	10	9	26	28	10	0	12	2	13	2	26	0	21	3	6
Item1129	7	5	2	26	6	17	25	23	14	6	27	24	20	13	24
Item1130	22	28	21	9	14	19	14	2	8	19	23	2	8	9	5
Item1131	4	3	22	4	18	18	24	5	28	22	2	28	4	14	24
Item1132	18	2	3	20	0	10	11	24	23	15	28	5	1	10	15
Item1133	21	19	28	24	3	24	17	25	10	2	21	22	26	11	20
Item1134	28	14	2	12	22	12	12	7	15	25	20	5	11	27	13
Item1135	24	12	3	12	2	26	22	4	24	10	16	2	28	12	3
Item1136	4	24	24	26	10	0	24	3	5	5	30	12	17	6	11
Item1137	23	2	3	13	9	25	20	6	18	11	4	14	22	4	3
Item1138	12	2	0	25	28	10	30	9	8	4	27	3	15	14	27
Item1139	11	29	1	25	21	9	29	1	3	1	1	8	4	11	29
Item1140	27	17	17	27	3	9	13	23	16	15	13	22	3	25	5
Item1141	14	30	29	23	8	7	29	8	21	24	0	11	26	9	11
Item1142	5	6	4	20	6	25	25	9	17	7	21	12	23	25	17
Item1143	10	29	3	4	10	8	1	8	16	1	20	3	8	28	7
Item1144	2	19	20	1	11	12	13	17	9	1	16	29	7	0	24
Item1145	3	13	7	18	25	20	29	15	14	0	21	19	26	19	12
Item1146	5	4	7	22	3	27	24	22	25	19	7	24	0	27	27
Item1147	19	8	5	29	4	29	9	29	27	6	5	20	9	0	4
Item1148	22	2	27	19	6	16	7	4	6	24	5	26	17	4	19
Item1149	23	1	13	14	1	1	5	24	19	9	16	27	28	22	16
Item1150	16	18	14	15	17	28	12	1	7	18	2	9	17	24	22
Item1151	1	28	6	26	25	10	7	29	19	1	28	22	16	25	25
Item1152	18	22	28	25	10	1	15	15	27	18	4	10	14	10	29
Item1153	10	1	24	18	1	7	12	5	15	29	15	9	9	10	7
Item1154	24	26	5	17	13	2	24	1	13	1	26	7	16	5	22
Item1155	27	2	6	15	21	18	17	8	28	3	9	25	4	9	8
Item1156	13	24	24	26	4	15	19	2	0	19	1	16	29	12	5
Item1157	30	9	15	20	7	27	4	24	20	9	7	13	2	28	14
Item1158	25	26	10	9	6	6	13	6	19	6	11	12	28	16	22
Item1159	19	16	2	27	8	20	12	12	9	9	27	25	20	10	26
Item1160	24	14	22	2	19	29	7	3	8	10	26	22	11	29	2
Item1161	29	14	29	16	9	25	10	24	5	22	22	18	9	25	17
Item1162	5	10	1	15	11	18	18	11	18	2	4	9	29	29	10
Item1163	13	12	6	15	18	18	15	27	28	15	14	5	13	12	24
Item1164	12	12	5	25	7	15	25	6	24	2	12	3	5	4	11
Item1165	29	18	6	27	17	20	7	17	9	14	18	5	28	15	1
Item1166	3	3	9	28	10	12	11	5	8	21	28	23	4	10	29
Item1167	24	12	26	5	21	8	14	6	8	22	17	1	27	2	27
Item1168	14	27	15	1	5	16	22	20	14	8	18	26	28	23	28
Item1169	19	15	18	6	27	14	20	29	13	16	20	5	26	15	24
Item1170	24	27	17	19	2	29	3	22	25	29	8	11	9	5	24
Item1171	28	5	14	23	24	3	3	29	15	11	16	0	30	10	12
Item1172	28	9	2	9	0	6	20	18	16	25	4	26	9	24	7
Item1173	30	25	6	13	2	6	20	18	6	3	19	0	8	5	4
Item1174	28	24	12	19	11	25	20	24	19	30	16	24	15	18	9
Item1175	13	28	17	19	12	9	14	11	17	22	2	8	11	1	23
Item1176	23	6	13	18	13	17	28	24	7	29	1	1	26	12	2
Item1177	13	11	14	9	6	27	19	9	7	29	6	7	2	11	4
Item1178	20	21	28	10	2	26	1	17	23	11	6	19	22	3	7
Item1179	6	28	14	28	28	12	1	28	0	8	13	7	1	3	1
Item1180	5	13	7	26	18	2	2	19	4	23	15	3	7	15	13
Item1181	29	18	8	19	29	25	23	3	1	15	1	3	29	9	16
Item1182	30	21	0	17	16	7	18	5	20	26	21	17	27	19	7
Item1183	28	24	25	11	29	2	12	5	8	9	4	26	19	5	14
Item1184	9	26	28	16	5	25	25	24	19	5	30	4	29	11	16
Item1185	28	13	15	21	0	3	25	8	5	0	29	22	29	25	23
Item1186	16	22	20	22	26	5	13	2	8	18	12	6	3	16	22
Item1187	26	23	9	19	10	2	29	25	1	20	7	5	1	8	19
Item1188	8	14	4	23	6	17	17	4	27	30	14	5	1	7	13
Item1189	28	19	7	7	30	26	28	25	2	24	28	24	20	26	16
Item1190	16	21	17	13	6	9	9	18	3	9	6	14	25	4	6
Item1191	14	5	22	8	8	20	25	15	15	11	2	26	10	1	2
Item1192	8	8	5	25	28	7	15	3	5	10	6	9	14	21	4
Item1193	19	15	7	17	0	1	29	3	6	5	8	8	3	16	10
Item1194	29	6	13	23	27	19	10	15	18	10	1	7	5	6	14
Item1195	13	14	19	12	20	16	13	26	0	6	27	28	21	1	9
Item1196	26	24	7	21	29	30	26	3	21	16	10	26	17	27	3
Item1197	21	20	3	25	11	13	15	21	13	0	19	17	23	28	23
Item1198	14	8	11	24	18	29	30	4	3	4	29	1	27	30	10
Item1199	12	1	4	25	8	30	18	21	28	17	0	16	17	3	29
Item1200	12	19	14	10	18	6	9	14	17	1	12	29	28	17	28
Item1201	5	20	3	28	6	26	21	15	8	17	27	20	14	13	26
Item1202	12	12	21	2	21	21	5	26	0	26	26	26	26	16	5
Item1203	7	27	11	6	5	7	6	1	10	21	24	5	10	23	9
Item1204	24	14	23	16	10	18	5	26	24	30	14	11	7	12	16
Item1205	10	14	14	14	23	1	10	12	11	11	7	2	2	9	29
Item1206	17	27	17	2	10	21	19	4	25	13	19	28	23	16	23
Item1207	9	9	8	1	2	16	2	20	27	23	6	29	11	12	16
Item1208	24	8	5	2	22	22	6	8	18	13	6	22	8	16	20
Item1209	6	26	7	12	18	16	20	13	18	8	4	16	25	9	11
Item1210	1	25	20	29	1	26	7	13	18	6	30	23	9	15	17
Item1211	11	25	8	11	24	9	5	24	27	14	25	22	8	26	26
Item1212	4	18	3	16	24	0	8	21	25	6	20	9	23	7	15
Item1213	1	30	20	23	28	6	8	4	25	28	18	8	28	22	14
Item1214	13	8	6	11	17	27	22	23	14	17	18	5	21	9	14
Item1215	26	22	11	6	4	27	4	16	4	14	13	20	5	21	24
Item1216	5	9	16	0	10	25	14	22	21	6	16	5	20	2	14
Item1217	3	1	3	20	17	8	18	11	3	22	10	9	10	29	12
Item1218	4	8	16	6	6	6	25	30	2	20	7	13	9	14	25
Item1219	5	30	15	16	23	10	26	16	21	16	26	18	20	7	12
Item1220	16	11	18	8	20	13	22	23	16	23	27	3	13	15	26
Item1221	15	30	5	10	16	18	25	1	28	7	11	22	26	12	22
Item1222	17	8	8	29	19	11	4	7	14	28	11	4	13	23	23
Item1223	13	20	24	6	28	29	4	21	24	9	16	23	22	18	16
Item1224	13	22	13	24	1	10	8	13	11	26	7	25	0	13	15
Item1225	24	22	4	14	11	17	8	15	12	25	29	29	28	29	4
Item1226	12	22	8	17	14	5	4	6	28	15	6	8	1	1	29
Item1227	17	3	20	6	8	19	26	7	7	10	18	30	23	6	27
Item1228	11	4	15	4	10	18	17	2	1	14	26	29	5	13	16
Item1229	14	18	12	8	27	10	28	28	29	26	13	22	21	21	28
Item1230	12	15	11	19	26	1	15	8	26	10	10	20	6	13	22
Item1231	4	19	26	15	17	22	21	30	24	6	9	22	7	16	13
Item1232	5	27	19	30	1	11	2	27	20	20	11	19	5	14	1
Item1233	1	11	14	4	8	13	1	20	4	26	23	29	16	25	10
Item1234	14	13	0	11	23	4	28	18	13	16	9	5	10	27	5
Item1235	16	24	7	16	23	27	0	17	0	2	27	5	5	1	10
Item1236	16	9	20	21	21	10	12	7	19	0	8	27	18	9	21
Item1237	1	18	15	15	25	1	14	9	20	7	17	7	17	2	10
Item1238	24	25	12	3	19	28	9	13	5	6	3	26	7	30	5
Item1239	20	3	23	29	23	20	26	14	28	8	16	26	25	10	17
Item1240	18	18	8	13	21	13	14	16	5	3	29	1	5	5	23
Item1241	22	24	8	10	1	22	6	26	18	7	6	11	12	21	16
Item1242	12	2	15	1	7	2	25	14	20	12	26	1	9	8	2
Item1243	6	9	29	15	10	7	0	20	27	23	17	7	19	18	29
Item1244	19	2	22	24	11	23	26	30	20	17	14	13	15	7	2
Item1245	25	8	4	28	1	7	14	2	17	14	15	30	18	28	14
Item1246	17	9	19	15	12	25	22	12	1	4	26	5	29	4	23
Item1247	21	14	22	14	6	5	17	17	23	9	3	23	12	15	6
Item1248	22	22	10	25	13	9	1	23	12	2	22	16	4	23	13
Item1249	19	12	9	4	9	30	26	9	13	24	5	18	25	29	28
Item1250	16	16	7	5	19	12	13	10	7	10	5	5	11	7	1
Item1251	4	4	5	20	5	28	21	6	24	14	10	23	8	21	12
Item1252	1	20	1	25	3	30	2	4	27	21	6	27	24	0	8
Item1253	17	13	4	24	9	9	28	5	21	5	1	25	10	27	23
Item1254	12	26	24	26	9	27	24	7	30	3	20	9	5	27	29
Item1255	28	29	4	12	1	25	29	8	5	21	15	10	7	10	27
Item1256	3	7	29	3	8	20	11	21	22	5	12	5	28	26	3
Item1257	17	23	6	1	10	20	17	16	5	16	11	3	19	18	16
Item1258	7	29	15	4	29	7	1	24	8	16	15	3	13	20	20
Item1259	5	21	7	20	13	3	15	13	8	12	3	25	22	21	5
Item1260	28	18	15	25	22	29	6	11	1	4	17	20	8	21	13
Item1261	4	14	13	18	6	24	11	6	12	16	17	22	15	15	7
Item1262	24	4	300	5	750	8	11	27	0	3	15	19	20	8	19
Item1263	10	14	6	17	18	15	16	1	10	29	13	14	25	6	3
Item1264	3	21	23	25	19	2	23	10	15	27	14	6	24	15	22
Item1265	11	13	10	12	13	12	27	4	16	7	5	3	14	30	3
Item1266	26	11	11	18	19	8	1	18	12	3	14	10	22	14	3
Item1267	11	6	20	15	27	8	18	28	4	21	12	8	20	28	27
Item1268	28	6	18	13	20	28	0	12	26	19	30	6	25	14	16
Item1269	23	6	12	3	11	8	1	29	26	16	6	13	17	10	17
Item1270	19	4	24	23	9	23	11	13	2	8	10	24	2	25	14
Item1271	27	19	21	8	9	19	20	29	29	0	8	11	24	18	22
Item1272	10	29	29	2	27	10	16	14	11	17	8	6	7	3	14
Item1273	12	29	27	11	5	5	28	2	30	19	20	21	28	2	26
Item1274	21	27	18	6	27	13	29	22	16	17	8	25	1	12	11
Item1275	7	22	29	21	15	29	24	6	24	17	18	30	27	8	2
Item1276	9	23	14	4	10	20	12	22	24	19	21	24	6	23	28
Item1277	21	25	18	15	1	22	2	18	20	15	13	17	30	30	15
Item1278	16	8	11	20	25	4	0	4	3	3	1	0	11	8	28
Item1279	29	10	24	16	28	11	16	3	4	16	15	3	30	12	10
Item1280	11	29	12	29	28	0	18	20	13	8	6	1	5	7	20
Item1281	19	10	8	21	9	7	26	13	23	29	19	2	20	24	0
Item1282	26	25	8	25	11	25	11	8	8	2	9	5	22	16	20
Item1283	16	25	23	14	9	27	25	12	10	6	7	20	18	9	27
Item1284	4	13	21	25	12	10	14	9	28	24	3	25	7	20	7
Item1285	24	28	13	17	5	3	23	10	14	3	2	21	8	3	11
Item1286	13	5	11	11	5	18	25	16	6	10	8	18	14	6	10
Item1287	13	0	26	20	26	6	15	7	26	19	19	28	19	4	2
Item1288	4	25	22	23	23	14	17	30	19	5	8	23	10	8	4
Item1289	7	10	9	14	15	24	7	2	12	21	26	9	1	25	8
Item1290	11	4	8	19	30	1	28	11	29	14	27	15	13	4	4
Item1291	19	17	14	6	12	30	14	8	28	24	14	9	21	8	27
Item1292	21	6	6	20	22	13	19	13	29	3	18	4	10	22	4
Item1293	10	20	14	6	27	14	28	11	9	19	19	29	3	30	23
Item1294	21	12	28	17	15	20	10	25	15	2	7	23	14	4	2
Item1295	6	13	16	29	17	9	11	15	2	24	15	2	6	20	2
Item1296	18	21	18	29	22	12	23	10	19	10	20	13	21	4	9
Item1297	14	28	26	23	25	24	4	27	8	21	0	24	29	7	7
Item1298	10	19	13	23	19	21	17	15	9	5	16	27	25	28	12
Item1299	22	10	10	15	13	22	11	29	3	27	24	26	2	4	16
Item1300	20	22	23	3	9	17	13	21	4	11	9	4	17	3	15
Item1301	17	6	25	27	3	19	14	26	5	27	2	22	8	3	8
Item1302	22	10	17	26	22	6	5	18	9	8	21	6	15	24	28
Item1303	28	5	20	6	27	27	11	12	26	7	23	29	12	4	13
Item1304	8	6	14	11	19	3	25	19	19	13	2	27	28	3	12
Item1305	6	26	4	6	16	9	0	13	23	18	29	1	20	14	22
Item1306	8	5	14	19	6	27	20	9	4	6	18	24	13	2	11
Item1307	4	6	17	3	8	23	29	23	23	2	14	19	28	18	11
Item1308	5	23	16	29	16	5	8	25	16	20	1	17	24	4	17
Item1309	24	26	17	28	10	28	20	25	26	23	23	27	25	27	28
Item1310	7	10	9	19	5	25	3	8	20	19	28	16	0	10	20
Item1311	2	13	11	13	27	6	23	24	13	19	5	21	15	9	19
Item1312	6	24	12	25	25	14	0	13	24	14	28	29	1	14	20
Item1313	28	28	9	4	20	9	18	13	7	23	9	22	14	21	14
Item1314	9	13	0	5	14	20	8	22	23	2	8	10	11	1	15
Item1315	16	5	7	27	2	7	12	29	13	1	7	9	19	20	9
Item1316	29	24	6	14	1	20	30	21	23	1	6	6	14	22	4
Item1317	16	7	23	12	8	22	26	15	5	4	25	17	7	3	11
Item1318	17	1	24	16	5	3	28	26	10	17	16	24	9	13	14
Item1319	7	22	9	28	19	17	9	6	22	22	20	19	26	20	28
Item1320	11	10	12	20	6	7	12	21	11	3	4	13	6	13	4
Item1321	15	3	7	3	23	3	17	10	2	27	25	11	16	11	5
Item1322	14	7	14	28	7	6	4	5	1	29	13	27	27	18	3
Item1323	28	2	28	7	14	30	8	21	7	22	1	5	26	14	24
Item1324	21	24	25	25	8	0	26	28	23	3	1	10	28	21	16
Item1325	20	13	12	28	23	10	5	23	24	20	27	6	5	0	12
Item1326	5	2	21	24	25	21	28	27	19	25	5	25	12	16	10
Item1327	4	29	1	22	9	8	26	11	22	23	26	14	30	16	22
Item1328	10	9	25	4	12	9	21	1	21	28	7	29	5	22	7
Item1329	0	6	28	22	28	9	13	26	10	29	15	0	13	27	1
Item1330	16	18	1	23	6	17	19	10	24	6	24	4	8	8	4
Item1331	11	24	13	21	23	13	28	22	7	21	27	27	10	23	25
Item1332	28	20	24	28	19	16	13	14	16	28	22	6	3	4	4
Item1333	22	6	2	21	7	28	30	4	12	5	27	13	3	1	21
Item1334	3	20	10	7	12	1	25	23	16	13	7	10	5	12	20
Item1335	10	3	6	6	8	13	15	9	29	23	12	23	2	5	10
Item1336	18	21	26	8	27	3	27	3	15	19	4	6	26	24	23
Item1337	14	24	23	2	12	7	6	30	3	25	14	22	10	15	22
Item1338	5	29	8	1	26	5	15	10	13	27	12	7	20	12	2
Item1339	6	25	14	15	3	14	18	30	28	10	23	19	17	28	24
Item1340	5	26	22	12	20	10	17	6	28	17	3	17	27	23	2
Item1341	30	17	10	14	15	23	26	9	2	2	6	3	13	20	12
Item1342	15	28	9	19	3	24	22	29	24	22	24	19	13	27	25
Item1343	30	3	26	9	20	19	10	27	20	25	0	28	23	19	29
Item1344	7	3	17	3	2	8	1	20	27	26	27	15	13	12	20
Item1345	30	21	11	16	22	0	11	20	26	28	17	14	21	8	14
Item1346	24	4	3	27	16	25	23	11	5	9	4	5	8	0	22
Item1347	5	19	14	18	30	20	29	21	22	4	22	21	2	6	9
Item1348	24	29	20	27	2	1	23	16	6	7	22	11	9	14	22
Item1349	11	10	12	10	14	10	9	8	16	23	2	17	29	24	9
Item1350	15	17	19	7	1	23	11	11	14	15	16	7	26	3	10
Item1351	6	9	29	22	29	15	22	5	29	21	6	16	1	20	8
Item1352	20	10	5	11	13	1	7	21	17	8	6	6	13	5	7
Item1353	23	19	4	11	3	10	27	6	29	2	21	10	4	14	23
Item1354	4	26	27	9	17	14	1	26	20	28	9	29	7	2	7
Item1355	1	7	22	10	2	17	23	11	12	5	26	12	24	19	19
Item1356	17	11	20	25	27	15	19	22	4	20	17	20	11	7	26
Item1357	21	6	25	28	8	20	14	25	14	16	6	4	26	6	23
Item1358	23	13	18	20	14	17	0	26	29	29	19	15	5	16	26
Item1359	21	15	9	24	21	21	2	29	27	12	12	23	18	2	13
Item1360	15	23	1	9	16	29	14	26	8	25	0	8	2	14	8
Item1361	13	5	26	29	6	27	18	12	9	3	11	6	21	1	1
Item1362	28	27	2	28	15	12	13	7	6	9	11	28	23	26	27
Item1363	10	29	15	8	20	9	21	14	12	8	22	25	30	28	27
Item1364	16	28	19	21	4	8	21	14	29	9	1	10	10	1	25
Item1365	17	12	22	7	7	23	19	14	17	6	27	26	7	26	14
Item1366	10	23	11	21	13	12	12	5	0	16	28	22	23	19	28
Item1367	29	25	21	11	21	26	11	11	28	19	17	4	26	23	1
Item1368	15	23	16	23	14	26	0	11	8	29	13	7	22	14	2
Item1369	26	12	6	17	28	7	29	13	14	5	28	8	15	29	15
Item1370	15	10	4	10	23	9	4	7	10	28	29	30	17	22	27
Item1371	21	29	19	19	0	5	7	19	12	28	3	28	9	19	5
Item1372	11	24	4	24	28	29	9	2	9	30	21	16	15	29	7
Item1373	27	2	23	6	3	25	27	26	1	15	5	26	1	17	29
Item1374	22	20	6	29	12	18	3	8	16	15	5	6	12	21	8
Item1375	26	24	17	6	2	12	5	15	27	27	19	28	26	29	19
Item1376	7	22	19	21	22	5	2	3	9	21	7	27	24	10	19
Item1377	28	15	21	26	28	2	24	20	27	4	16	4	20	23	15
Item1378	1	23	26	29	20	29	25	17	18	22	11	20	7	19	18
Item1379	24	17	17	13	14	9	10	4	4	25	15	15	30	1	28
Item1380	5	23	28	20	5	25	30	2	0	20	15	27	15	3	20
Item1381	2	19	2	5	2	26	8	15	22	8	28	24	19	23	2
Item1382	26	24	29	17	14	16	15	16	1	26	2	5	25	1	14
Item1383	16	16	26	26	12	20	23	23	7	9	26	2	7	3	8
Item1384	16	7	1	6	27	29	5	22	5	26	17	4	25	2	17
Item1385	4	27	20	16	16	11	26	5	15	30	5	21	4	11	12
Item1386	2	26	27	12	8	24	23	9	22	13	26	22	20	4	18
Item1387	6	18	6	12	15	20	15	9	17	29	20	11	29	1	7
Item1388	10	2	4	14	7	7	18	24	7	26	24	16	12	18	30
Item1389	17	15	19	25	5	0	2	7	8	13	23	9	0	29	8
Item1390	25	23	1	3	10	4	6	16	3	28	13	12	18	28	27
Item1391	28	27	10	18	18	16	5	7	27	2	1	28	20	8	29
Item1392	16	3	27	13	14	13	1	20	12	22	19	18	0	7	17
Item1393	27	15	3	9	23	7	16	23	27	11	2	25	18	28	28
Item1394	24	1	17	26	25	24	28	29	22	4	17	17	5	27	4
Item1395	4	6	26	10	8	17	9	24	29	9	5	9	3	30	5
Item1396	12	11	12	1	20	30	14	11	25	21	21	24	4	20	23
Item1397	5	22	12	22	4	15	8	19	10	11	11	5	23	17	1
Item1398	15	19	20	1	23	12	10	2	4	4	7	26	24	26	1
Item1399	1	29	10	0	1	24	18	3	23	4	28	8	2	22	2
Item1400	23	12	5	13	14	29	22	21	28	20	3	29	1	7	18
Item1401	19	4	13	3	7	9	30	28	0	3	3	19	5	22	22
Item1402	16	26	29	3	22	13	1	12	28	20	26	6	14	7	17
Item1403	4	24	25	18	26	26	27	5	27	13	23	16	15	6	14
Item1404	8	26	8	11	2	24	22	2	9	11	3	24	24	14	10
Item1405	29	25	8	6	20	0	5	2	14	5	18	19	11	14	15
Item1406	16	30	16	16	20	1	28	27	18	14	21	23	11	14	9
Item1407	15	10	21	12	1	16	7	13	7	10	14	1	22	14	17
Item1408	9	7	13	27	14	16	28	12	13	4	27	7	5	20	5
Item1409	10	6	18	10	4	7	10	16	18	15	3	1	5	7	24
Item1410	28	1	18	11	13	11	7	24	14	2	9	3	8	15	27
Item1411	24	8	25	13	27	20	19	15	14	25	18	12	30	26	3
Item1412	25	8	8	3	0	4	28	12	25	16	29	1	3	13	14
Item1413	28	27	11	16	27	15	19	10	11	6	23	9	26	17	22
Item1414	23	15	26	4	9	3	29	27	23	19	21	27	12	1	28
Item1415	21	30	6	19	26	0	24	8	7	0	7	18	8	17	5
Item1416	0	1	4	29	2	7	14	21	24	14	13	2	24	10	4
Item1417	11	27	26	20	7	19	18	14	24	10	18	21	6	14	12
Item1418	28	14	23	24	10	17	24	18	14	6	13	4	30	29	0
Item1419	15	5	23	13	13	17	12	27	27	16	10	19	13	3	10
Item1420	11	20	18	4	4	1	20	20	12	6	25	21	6	28	10
Item1421	17	11	9	14	16	19	18	20	29	1	25	24	28	23	27
Item1422	2	3	19	25	25	19	16	29	6	8	28	19	3	12	8
Item1423	13	11	22	9	20	16	6	30	5	26	15	28	15	1	10
Item1424	23	20	26	27	28	25	16	20	21	8	21	26	2	5	18
Item1425	17	4	12	16	13	24	17	21	6	21	7	22	11	28	14
Item1426	4	22	3	2	6	26	7	7	29	22	1	12	7	19	15
Item1427	6	15	22	5	12	21	30	6	19	9	7	11	24	11	11
Item1428	28	14	5	2	3	5	9	9	7	22	12	10	12	10	1
Item1429	23	17	23	25	4	27	6	19	8	13	8	6	5	0	27
Item1430	23	19	20	8	3	23	8	18	2	24	3	23	22	24	3
Item1431	16	8	7	24	24	10	24	26	2	20	15	29	1	15	6
Item1432	21	15	16	4	28	27	26	8	0	15	24	13	16	20	11
Item1433	13	26	18	11	13	25	19	7	5	7	29	26	11	30	21
Item1434	21	21	26	6	11	6	27	8	18	29	12	4	23	28	14
Item1435	20	16	1	6	23	23	17	17	3	13	4	22	8	6	7
Item1436	2	23	17	22	14	16	17	28	2	12	23	8	3	10	5
Item1437	24	3	3	23	17	12	22	28	16	9	4	11	11	10	10
Item1438	9	14	10	29	6	3	3	5	25	11	19	30	21	23	8
Item1439	3	22	23	20	12	6	10	5	11	16	18	22	18	6	18
Item1440	27	27	17	25	11	1	15	7	16	3	7	30	27	9	27
Item1441	17	3	4	5	3	14	3	24	16	6	9	18	3	4	4
Item1442	19	9	27	2	28	28	22	15	26	13	27	7	14	20	16
Item1443	3	4	2	14	23	16	16	29	24	9	16	7	11	7	29
Item1444	7	15	10	11	3	1	4	3	2	17	24	11	15	7	1
Item1445	30	23	1	20	10	19	2	10	7	3	18	3	29	5	21
Item1446	26	20	8	23	8	20	3	30	13	14	10	5	15	29	17
Item1447	27	19	6	19	14	18	2	15	4	3	2	23	21	21	4
Item1448	20	6	23	1	15	15	11	14	13	14	4	14	25	12	28
Item1449	23	13	3	17	28	2	13	14	28	17	22	13	9	2	6
Item1450	27	29	6	25	5	4	10	30	9	11	23	1	21	4	23
Item1451	6	4	3	16	25	26	4	10	3	19	20	12	15	22	24
Item1452	22	17	24	29	23	15	26	20	1	12	17	21	14	2	3
Item1453	6	1	18	16	16	18	17	11	17	19	22	24	21	18	23
Item1454	21	6	10	28	4	15	30	24	29	19	23	21	15	29	14
Item1455	22	15	19	23	18	10	8	2	21	27	8	27	19	26	3
Item1456	13	13	27	30	27	19	7	3	28	29	28	12	25	15	4
Item1457	26	28	8	16	7	1	15	22	12	13	24	15	20	6	12
Item1458	23	18	12	21	18	2	13	10	3	29	29	27	14	14	0
Item1459	6	11	6	14	21	27	18	15	7	16	24	17	8	1	2
Item1460	13	2	25	8	1	12	25	2	26	17	15	22	24	17	30
Item1461	2	16	2	5	10	4	12	12	18	23	22	19	4	28	9
Item1462	5	16	14	27	18	24	24	5	1	1	23	18	23	17	12
Item1463	18	27	7	21	17	24	9	10	22	2	19	22	23	15	9
Item1464	10	22	11	3	8	7	4	12	17	13	5	23	3	21	4
Item1465	25	18	5	20	7	14	22	23	12	9	9	6	6	28	14
Item1466	22	26	18	27	10	4	2	13	26	5	12	29	9	4	30
Item1467	0	3	17	22	27	0	21	21	29	1	22	7	16	29	17
Item1468	23	17	4	8	14	12	18	30	30	7	17	17	27	15	25
Item1469	5	9	29	5	1	6	1	3	24	19	1	17	11	6	8
Item1470	18	28	22	8	19	24	28	15	15	3	1	20	25	18	4
Item1471	30	13	3	20	28	0	29	24	9	22	4	22	8	23	16
Item1472	0	1	3	14	19	25	15	2	14	7	26	11	29	17	2
Item1473	13	7	16	15	21	25	4	19	14	20	7	14	27	5	1
Item1474	13	22	10	9	1	21	5	27	28	9	27	30	28	24	8
Item1475	2	27	14	20	14	23	3	25	1	7	24	13	22	2	19
Item1476	15	22	3	15	9	23	14	11	1	7	22	21	25	26	20
Item1477	3	9	29	19	29	25	16	5	6	16	2	7	14	16	19
Item1478	22	24	23	14	13	18	25	16	15	15	12	2	19	2	26
Item1479	10	7	27	10	1	3	25	23	2	9	24	1	11	6	7
Item1480	14	16	20	27	19	15	9	8	7	6	16	30	1	20	6
Item1481	14	10	25	11	14	16	26	24	1	12	27	14	13	7	14
Item1482	14	20	7	16	7	16	15	22	14	24	0	20	14	19	22
Item1483	11	21	24	6	29	11	17	14	22	16	12	23	25	3	5
Item1484	30	17	8	29	18	24	4	15	23	18	3	15	14	3	21
Item1485	19	21	22	26	25	10	28	5	15	13	22	25	7	26	17
Item1486	2	27	12	6	5	16	0	29	27	21	26	10	14	10	7
Item1487	5	15	0	16	18	9	6	3	21	13	29	15	26	29	9
Item1488	11	8	5	2	23	30	5	27	4	24	9	7	19	29	25
Item1489	15	21	5	12	4	16	29	3	2	6	1	10	27	12	12
Item1490	27	25	14	10	30	15	18	23	11	25	1	11	22	29	9
Item1491	9	29	11	10	2	2	15	15	10	11	4	16	11	3	16
Item1492	17	26	6	1	6	13	16	28	17	16	7	29	19	10	18
Item1493	30	12	4	7	7	5	21	13	3	5	1	5	2	30	6
Item1494	28	2	21	6	10	1	4	6	29	23	29	5	24	20	21
Item1495	16	18	20	6	15	6	11	20	3	22	22	16	2	12	28
Item1496	22	20	7	21	12	12	9	25	11	25	14	29	24	6	26
Item1497	27	8	10	5	29	5	27	25	0	12	16	7	29	29	26
Item1498	28	19	22	10	10	20	5	8	6	18	22	24	18	16	6
Item1499	8	23	3	8	20	5	12	1	25	14	1	14	6	28	7
Item1500	22	19	24	16	24	26	21	13	21	9	0	21	17	13	3
Item1501	12	19	12	17	2	23	12	29	22	7	22	15	10	3	12
Item1502	23	9	9	7	2	14	25	22	15	24	10	20	5	7	23
Item1503	1	24	26	5	2	13	26	15	17	3	5	27	5	23	25
Item1504	3	9	17	26	11	27	21	16	9	3	7	14	28	13	28
Item1505	7	29	11	8	19	9	9	9	13	19	18	23	23	18	15
Item1506	8	13	16	16	25	14	25	5	29	23	24	6	23	16	3
Item1507	8	13	9	19	12	25	26	20	28	28	18	9	15	22	8
Item1508	10	11	15	26	15	5	7	15	16	27	12	8	5	16	1
Item1509	21	8	13	29	8	11	28	29	22	17	17	14	19	23	2
Item1510	9	29	24	17	12	2	1	19	13	19	1	30	23	29	11
Item1511	27	9	16	23	24	26	4	27	28	7	16	2	21	17	0
Item1512	18	8	12	21	3	3	5	25	21	14	0	3	28	12	3
Item1513	6	1	7	29	5	16	0	11	16	10	11	10	19	3	16
Item1514	28	9	6	19	2	16	15	23	30	25	9	23	14	22	22
Item1515	17	3	24	16	13	16	26	13	7	10	25	20	5	5	19
Item1516	4	22	28	17	30	15	9	27	10	9	5	12	13	8	6
Item1517	10	8	8	6	3	17	8	7	18	18	24	4	24	21	15
Item1518	11	25	25	20	25	6	14	17	23	7	24	26	26	17	29
Item1519	17	23	0	6	19	12	3	4	26	24	21	3	27	26	25
Item1520	21	8	4	19	15	6	20	3	10	2	28	22	27	10	14
Item1521	14	21	25	13	14	5	26	13	22	3	23	2	20	23	20
Item1522	9	3	9	20	16	20	28	20	3	4	20	8	21	5	13
Item1523	23	21	17	25	11	18	29	12	28	20	17	29	22	16	14
Item1524	30	19	24	24	20	1	26	10	7	3	9	26	8	11	27
Item1525	14	27	1	23	28	30	27	29	8	2	1	28	15	8	21
Item1526	6	11	9	16	15	7	15	20	22	4	4	30	29	21	15
Item1527	20	5	13	0	17	8	7	8	24	15	14	20	12	23	1
Item1528	5	5	0	24	9	24	11	20	2	6	5	8	9	18	10
Item1529	21	13	14	24	19	1	6	6	29	21	10	14	24	14	11
Item1530	17	10	17	20	27	3	10	13	16	27	5	2	6	29	8
Item1531	9	10	7	2	24	24	16	25	27	10	25	16	5	25	12
Item1532	1	3	17	13	0	2	24	0	15	26	26	6	6	6	6
Item1533	7	15	19	9	19	8	18	18	28	26	11	16	18	11	4
Item1534	20	1	11	13	2	8	2	28	10	3	4	26	5	13	11
Item1535	8	15	3	30	12	6	20	9	5	14	13	14	25	27	27
Item1536	14	1	22	29	28	10	2	25	26	0	28	6	17	29	24
Item1537	24	11	21	19	1	1	8	4	13	14	15	3	22	16	12
Item1538	9	18	11	11	23	6	30	24	26	14	4	12	19	10	8
Item1539	6	28	23	28	21	29	24	5	5	0	14	7	25	27	1
Item1540	17	1	21	4	0	3	7	1	2	4	28	27	18	21	26
Item1541	7	9	18	8	15	7	12	8	10	29	16	2	21	30	19
Item1542	6	20	10	8	7	7	5	23	10	18	25	15	29	28	28
Item1543	9	10	17	20	18	20	21	27	2	2	8	22	22	24	23
Item1544	20	10	6	2	19	28	26	9	7	24	2	11	12	14	21
Item1545	11	24	5	5	21	26	10	1	28	18	18	17	3	18	3
Item1546	25	7	16	16	11	4	9	21	2	10	10	9	21	7	22
Item1547	15	2	9	6	19	2	7	29	17	4	7	9	5	13	3
Item1548	26	28	18	20	18	1	27	8	14	20	12	2	18	16	9
Item1549	18	2	14	29	0	11	11	11	2	8	20	10	10	19	2
Item1550	25	2	17	12	3	22	15	23	3	21	1	30	13	16	10
Item1551	1	16	4	1	25	29	7	12	2	28	16	4	15	16	24
Item1552	13	29	14	14	5	12	21	11	11	6	1	19	12	16	23
Item1553	27	1	12	24	3	21	24	24	19	23	1	15	9	8	22
Item1554	9	14	13	29	16	15	17	23	19	16	15	17	7	5	19
Item1555	10	24	21	4	12	15	8	2	21	10	21	18	8	22	27
Item1556	15	25	7	12	21	3	7	9	30	25	14	9	25	19	4
Item1557	9	5	7	18	21	18	8	25	2	18	22	6	28	24	12
Item1558	6	12	4	5	29	0	19	1	14	3	28	13	23	6	21
Item1559	19	27	17	20	12	27	3	23	1	23	28	13	28	12	12
Item1560	19	12	16	15	16	2	9	19	20	7	18	22	5	7	21
Item1561	1	18	3	13	21	6	8	19	21	13	28	16	28	29	4
Item1562	18	10	10	30	27	7	14	6	3	10	15	6	13	29	29
Item1563	20	8	5	13	30	2	2	23	18	0	17	13	10	30	29
Item1564	2	11	26	24	13	5	23	10	28	2	9	8	17	19	19
Item1565	26	19	11	16	10	12	8	30	28	2	25	28	1	24	10
Item1566	21	13	16	26	5	5	28	5	14	3	15	29	13	1	9
Item1567	15	20	10	27	11	1	27	17	30	11	12	24	11	10	20
Item1568	25	14	27	24	21	5	17	4	25	0	20	25	27	3	28
Item1569	2	12	3	26	19	2	29	17	12	22	2	7	8	18	10
Item1570	8	11	25	3	9	25	8	21	26	13	15	17	11	12	13
Item1571	7	29	8	7	21	5	11	4	18	7	25	16	27	20	16
Item1572	24	5	7	19	8	25	23	16	1	20	26	25	2	11	21
Item1573	6	14	10	14	1	7	29	18	12	22	24	21	3	0	9
Item1574	26	29	5	21	7	8	20	4	25	6	23	17	20	30	10
Item1575	30	28	24	4	18	25	3	27	10	4	6	14	20	28	8
Item1576	17	0	2	6	8	7	23	19	14	30	25	11	25	17	23
Item1577	11	1	22	11	10	6	16	22	29	5	26	26	5	11	8
Item1578	30	13	23	10	14	23	22	23	4	6	6	6	21	12	24
Item1579	19	2	2	10	10	9	30	14	0	16	20	13	3	17	23
Item1580	14	26	24	18	11	23	5	2	19	2	27	13	26	29	3
Item1581	22	25	3	15	12	27	3	10	26	9	11	25	17	19	4
Item1582	7	14	1	8	29	6	16	1	18	15	1	20	20	24	8
Item1583	24	20	27	30	18	25	6	17	7	11	14	11	13	28	25
Item1584	14	8	22	16	13	26	18	9	29	17	21	12	16	4	7
Item1585	22	20	3	9	8	22	26	13	19	11	28	10	20	20	1
Item1586	16	8	18	12	23	12	19	15	6	12	7	13	11	22	22
Item1587	17	26	11	24	12	14	16	27	20	1	7	17	21	23	7
Item1588	27	13	23	1	11	19	7	3	5	26	8	17	7	3	26
Item1589	7	27	25	4	12	23	9	21	3	3	5	27	27	10	30
Item1590	18	27	26	9	16	27	11	5	12	18	12	20	23	16	13
Item1591	7	27	14	27	22	8	25	8	2	3	3	7	1	17	7
Item1592	23	16	13	15	29	11	25	22	23	11	4	29	11	26	2
Item1593	22	19	19	27	22	23	17	5	7	28	26	18	22	1	13
Item1594	20	3	27	8	29	19	0	21	27	24	10	27	16	0	10
Item1595	14	0	23	25	4	1	13	7	7	10	26	7	17	6	9
Item1596	8	15	26	19	6	9	19	16	16	0	10	13	8	11	18
Item1597	6	12	5	18	23	16	2	30	10	6	24	28	19	4	19
Item1598	17	30	27	19	28	27	21	8	15	5	28	18	21	5	1
Item1599	23	30	12	11	25	21	17	29	8	23	1	26	18	2	21
Item1600	17	9	19	14	7	30	3	22	5	3	22	11	13	11	12
Item1601	15	15	4	9	17	12	17	23	9	11	30	17	25	30	19
Item1602	28	25	25	2	19	17	5	10	2	29	10	16	17	22	9
Item1603	13	17	27	7	29	9	14	12	17	25	13	22	11	22	11
Item1604	23	15	5	18	29	7	22	26	16	16	27	18	5	24	19
Item1605	12	1	5	13	6	21	10	3	1	19	14	15	25	25	15
Item1606	23	0	22	13	9	16	9	12	26	3	1	3	29	19	17
Item1607	12	20	16	3	17	1	1	24	12	21	8	15	21	3	22
Item1608	11	26	4	2	15	27	16	16	7	9	14	18	16	16	11
Item1609	27	26	25	26	1	7	7	5	13	12	12	26	29	8	20
Item1610	2	23	16	5	7	8	29	5	4	1	9	0	3	21	29
Item1611	15	7	24	4	9	24	1	10	18	7	17	24	7	7	9
Item1612	24	16	2	20	1	2	15	10	30	22	2	21	3	4	1
Item1613	13	15	7	3	19	6	0	12	3	22	10	23	2	8	13
Item1614	16	19	26	23	11	13	23	12	18	21	30	8	17	7	10
Item1615	14	15	19	16	17	1	5	16	29	10	11	14	3	16	14
Item1616	4	9	21	7	6	19	27	28	27	15	14	25	10	19	25
Item1617	8	1	3	4	29	1	11	1	8	7	16	13	16	17	5
Item1618	13	1	28	4	17	17	15	16	19	17	26	2	10	29	8
Item1619	6	15	24	1	19	10	27	15	4	7	15	23	19	23	0
Item1620	19	2	20	24	0	29	8	12	22	17	28	28	13	2	19
Item1621	7	26	3	2	15	21	18	0	13	8	28	0	22	18	20
Item1622	4	10	25	14	10	7	25	29	16	1	21	2	18	6	10
Item1623	2	13	30	26	20	10	3	27	4	2	6	2	20	15	28
Item1624	23	0	5	20	4	11	16	22	9	25	0	12	29	8	12
Item1625	21	12	27	24	0	25	25	12	16	11	28	13	10	13	8
Item1626	19	21	18	30	16	9	19	1	16	15	15	5	28	15	18
Item1627	16	13	7	21	13	18	17	26	17	26	7	17	22	2	5
Item1628	1	7	21	11	20	16	20	24	9	29	7	29	27	5	25
Item1629	17	26	21	21	29	16	29	16	14	24	23	11	7	13	20
Item1630	29	26	28	24	10	11	2	6	24	16	13	15	19	11	12
Item1631	25	10	1	3	11	15	28	29	15	25	23	29	26	21	14
Item1632	12	11	3	2	22	15	9	4	25	19	7	29	28	25	1
Item1633	24	7	19	23	22	21	18	19	3	17	24	7	12	25	14
Item1634	27	28	23	26	30	30	6	12	7	15	14	26	2	23	26
Item1635	24	5	1	11	13	22	18	1	23	13	3	7	24	26	9
Item1636	10	19	21	21	17	21	19	16	2	30	26	14	28	25	27
Item1637	20	4	13	18	27	19	8	9	20	23	17	26	16	26	11
Item1638	3	5	23	6	3	13	14	28	26	21	26	27	25	6	12
Item1639	25	26	11	19	2	13	23	23	11	9	5	20	9	26	20
Item1640	17	6	6	10	25	15	24	1	1	9	28	26	29	1	9
Item1641	8	29	27	13	10	13	4	5	10	17	20	22	9	1	28
Item1642	3	11	3	24	14	19	13	17	16	4	3	7	5	16	10
Item1643	7	0	17	21	21	26	29	18	13	23	5	29	6	15	0
Item1644	4	26	7	9	14	20	14	23	22	0	13	8	4	11	2
Item1645	6	25	22	3	9	20	3	7	8	1	16	2	27	9	4
Item1646	5	16	19	11	1	19	19	16	29	10	24	11	5	12	20
Item1647	8	14	14	26	0	3	25	17	27	26	8	10	11	7	6
Item1648	20	3	23	26	2	15	19	10	28	12	16	10	22	19	29
Item1649	3	11	10	29	1	12	4	27	19	22	7	8	9	5	3
Item1650	15	16	5	13	15	8	11	6	6	7	25	2	14	10	7
Item1651	2	29	19	6	7	27	14	18	26	20	26	1	2	26	3
Item1652	16	13	8	11	11	24	17	4	22	27	17	7	5	27	29
Item1653	16	24	0	12	26	4	5	22	1	24	29	22	20	30	8
Item1654	25	27	29	6	28	5	23	8	12	18	12	22	10	10	26
Item1655	14	25	3	25	28	0	17	18	18	17	26	25	25	2	23
Item1656	20	15	7	11	0	28	30	1	13	11	1	20	22	1	2
Item1657	29	23	3	13	28	4	30	3	19	23	9	28	29	10	15
Item1658	22	0	29	10	8	17	28	6	8	11	11	18	17	6	18
Item1659	19	10	5	4	3	18	3	16	4	2	3	25	12	27	15
Item1660	1	6	21	7	25	24	13	16	0	11	4	19	12	17	28
Item1661	18	19	4	19	19	26	6	15	0	22	4	27	6	7	1
Item1662	15	10	22	23	17	16	27	4	10	26	28	23	13	0	4
Item1663	5	6	27	7	0	18	16	10	12	9	23	24	9	19	4
Item1664	27	26	22	1	9	4	3	1	26	20	25	12	23	22	20
Item1665	5	22	7	18	26	4	8	2	19	29	21	22	12	9	19
Item1666	14	10	6	5	13	14	27	1	22	18	21	10	30	17	3
Item1667	29	28	21	4	7	22	8	17	22	0	29	22	15	30	17
Item1668	18	18	24	18	22	22	25	16	23	9	19	5	14	1	9
Item1669	8	13	12	22	5	10	7	18	9	12	5	8	7	8	7
Item1670	23	6	24	22	17	2	22	7	30	11	26	4	17	11	26
Item1671	27	6	2	27	20	12	5	23	29	29	21	12	14	11	6
Item1672	12	0	5	25	1	14	2	23	27	25	9	18	20	12	2
Item1673	28	25	8	8	5	2	17	16	13	9	21	26	15	21	20
Item1674	20	8	29	15	4	19	10	25	10	11	24	2	19	22	23
Item1675	28	12	5	11	21	11	28	6	19	6	8	22	29	12	10
Item1676	22	22	11	23	26	10	1	13	21	18	7	17	23	20	9
Item1677	18	26	10	24	14	19	27	4	4	14	8	14	2	30	13
Item1678	3	13	25	18	15	10	10	21	29	5	21	14	21	9	29
Item1679	24	21	5	20	16	27	30	27	30	1	25	6	1	29	28
Item1680	18	27	16	7	11	24	8	5	23	12	4	20	7	14	4
Item1681	11	19	11	6	6	1	1	13	11	1	21	18	22	13	10
Item1682	19	30	28	21	10	25	26	30	21	21	5	29	26	7	13
Item1683	14	5	29	27	24	17	18	17	23	18	21	2	7	24	21
Item1684	19	19	30	8	2	3	14	16	25	15	1	18	4	25	2
Item1685	19	21	11	25	18	22	12	23	16	17	27	23	24	14	1
Item1686	27	5	11	4	23	14	29	27	6	21	7	8	20	13	2
Item1687	2	4	20	19	23	15	1	3	8	1	16	0	23	19	5
Item1688	19	4	4	28	7	5	11	19	16	7	24	4	9	21	24
Item1689	19	3	12	24	21	25	21	10	19	4	27	2	16	24	2
Item1690	13	28	4	18	10	24	6	7	18	20	26	22	17	1	11
Item1691	6	26	15	17	28	10	16	0	21	13	18	28	24	15	9
Item1692	19	11	27	0	15	9	11	0	24	3	9	1	26	26	9
Item1693	2	3	21	18	7	23	21	16	18	21	1	4	21	14	8
Item1694	22	10	16	7	3	19	0	11	30	19	12	5	2	29	28
Item1695	21	2	19	9	23	12	19	8	6	23	4	26	8	22	21
Item1696	2	3	4	21	27	28	4	25	26	27	5	11	10	21	9
Item1697	19	22	4	15	16	29	23	8	12	20	25	17	6	11	4
Item1698	23	12	12	29	13	20	16	23	12	12	0	25	23	23	8
Item1699	14	16	21	2	21	14	18	3	13	11	1	18	22	3	20
Item1700	5	8	21	28	29	3	4	21	20	7	23	2	13	4	16
Item1701	28	22	18	8	19	29	18	26	15	11	9	23	4	3	23
Item1702	29	26	23	28	1	14	15	12	0	11	19	22	21	18	11
Item1703	12	5	18	19	23	20	11	30	20	11	4	18	29	7	7
Item1704	26	12	12	14	18	1	0	17	14	22	26	1	10	22	19
Item1705	22	12	30	24	14	19	26	12	8	12	27	11	24	10	13
Item1706	29	16	18	0	7	21	27	21	29	4	9	11	3	23	27
Item1707	25	5	28	4	14	15	23	6	0	3	13	18	20	25	15
Item1708	12	12	26	21	23	23	24	5	5	22	20	7	27	22	16
Item1709	15	0	3	16	10	11	4	24	16	16	4	19	2	10	5
Item1710	19	27	8	16	27	17	8	21	25	23	29	7	12	24	24
Item1711	23	13	2	14	20	15	28	2	5	16	9	2	25	13	27
Item1712	27	22	5	3	16	23	30	20	3	19	16	20	14	15	25
Item1713	21	3	22	17	17	20	29	15	6	24	0	27	28	4	24
Item1714	19	3	12	10	18	23	15	5	6	4	25	30	21	28	4
Item1715	29	23	21	25	19	24	19	2	12	18	12	20	6	14	12
Item1716	2	28	3	14	4	0	1	12	16	20	16	28	16	8	22
Item1717	6	7	20	29	8	22	11	2	2	18	4	17	6	24	23
Item1718	23	14	12	2	26	19	0	18	24	14	25	21	8	2	1
Item1719	16	6	13	7	6	25	16	2	15	14	26	15	29	5	26
Item1720	27	3	24	17	10	5	13	21	11	5	25	5	8	19	4
Item1721	15	3	9	9	23	29	23	3	19	13	19	11	2	16	11
Item1722	29	30	12	10	16	24	23	2	13	8	10	23	10	26	25
Item1723	7	13	26	15	11	19	4	28	21	24	30	7	21	6	5
Item1724	21	8	27	27	27	22	5	15	2	4	17	23	1	4	24
Item1725	18	22	24	15	2	7	16	1	6	8	21	2	16	22	19
Item1726	15	12	9	2	23	21	17	19	27	8	30	8	18	9	4
Item1727	20	18	0	5	7	18	9	7	17	24	17	4	3	21	17
Item1728	28	23	5	12	26	0	6	12	7	4	12	11	28	6	18
Item1729	5	21	8	20	10	29	19	9	17	26	0	25	21	18	29
Item1730	7	28	14	15	28	27	14	4	29	9	30	8	13	19	13
Item1731	24	23	11	28	11	14	18	4	7	19	17	3	20	16	20
Item1732	8	5	1	27	28	18	0	2	0	24	9	1	12	9	7
Item1733	22	15	30	20	11	9	15	24	13	12	22	12	5	10	18
Item1734	17	9	3	25	6	23	10	14	1	21	6	21	17	2	5
Item1735	27	26	25	26	18	10	4	18	16	20	9	25	26	20	29
Item1736	18	20	28	11	7	7	14	10	18	18	10	24	12	21	29
Item1737	25	21	25	12	9	11	13	6	11	13	21	1	23	12	6
Item1738	23	3	5	2	7	2	20	17	25	29	23	19	7	15	4
Item1739	9	18	6	17	4	18	20	26	22	19	19	28	26	15	15
Item1740	23	11	11	22	11	8	4	14	17	0	3	15	14	1	14
Item1741	6	12	20	27	19	4	7	25	8	2	20	5	19	10	1
Item1742	26	6	28	15	23	20	4	18	4	6	10	19	7	11	12
Item1743	18	25	5	10	14	28	16	21	2	27	24	21	21	28	28
Item1744	13	28	28	8	2	28	2	4	9	21	11	29	19	8	10
Item1745	10	27	24	26	26	10	8	9	12	10	8	24	28	9	17
Item1746	2	18	5	17	11	28	13	20	17	8	26	12	5	11	27
Item1747	10	13	17	29	13	13	6	23	30	24	30	23	20	6	15
Item1748	9	0	2	28	6	18	27	16	8	10	29	11	17	25	12
Item1749	23	1	29	12	21	7	17	22	30	22	22	29	17	26	17
Item1750	29	16	7	2	16	29	18	14	18	19	17	16	2	17	4
Item1751	3	14	27	29	23	29	16	1	14	16	16	11	8	25	1
Item1752	29	0	20	11	4	7	19	2	29	8	16	23	18	16	15
Item1753	26	14	12	3	8	23	9	20	29	14	12	29	12	15	19
Item1754	17	1	12	7	16	1	10	26	13	30	5	11	16	19	26
Item1755	4	23	5	27	12	17	24	15	10	30	26	29	23	24	18
Item1756	22	13	1	21	4	21	23	13	15	20	0	2	6	24	16
Item1757	3	29	2	7	3	16	19	24	17	28	17	12	18	13	22
Item1758	16	17	5	26	4	15	13	12	29	29	24	5	17	21	2
Item1759	1	26	29	22	28	7	0	14	29	26	1	14	19	9	1
Item1760	4	17	5	22	10	11	4	5	29	1	11	2	13	0	5
Item1761	3	14	22	20	1	6	23	17	13	24	20	1	23	0	14
Item1762	4	18	7	21	12	17	13	2	25	29	12	17	3	28	3
Item1763	10	28	8	0	30	29	21	20	15	7	17	13	10	3	20
Item1764	24	0	15	25	7	4	29	28	17	4	9	7	29	8	27
Item1765	29	8	0	19	0	3	8	20	14	5	22	2	26	26	6
Item1766	11	2	1	9	20	18	3	3	14	11	28	0	26	12	3
Item1767	27	20	18	17	8	14	12	5	3	21	29	23	8	23	13
Item1768	19	19	26	3	17	27	7	9	12	27	1	20	16	8	7
Item1769	3	3	6	7	23	21	7	28	13	26	27	8	16	5	21
Item1770	16	20	29	16	5	0	16	24	7	9	12	12	7	9	9
Item1771	4	3	16	18	28	6	11	17	11	21	19	10	11	8	22
Item1772	1	19	20	27	13	24	8	17	11	25	25	27	20	3	8
Item1773	7	5	6	5	2	27	16	17	28	18	16	12	8	9	27
Item1774	6	9	3	30	12	9	19	28	20	9	0	19	23	12	4
Item1775	17	10	14	7	26	24	6	20	2	21	30	21	4	21	21
Item1776	13	25	9	29	2	26	14	10	0	20	24	3	17	8	2
Item1777	7	7	16	5	1	6	3	1	28	7	21	11	28	29	30
Item1778	15	24	19	20	9	12	11	29	28	8	19	21	2	14	16
Item1779	8	17	9	10	13	21	20	14	2	24	16	14	17	12	2
Item1780	14	18	10	15	13	20	14	18	13	11	11	18	26	11	23
Item1781	21	20	0	14	14	4	6	22	14	11	21	6	8	4	1
Item1782	6	5	3	20	6	21	1	0	18	6	29	16	8	12	28
Item1783	5	14	29	4	1	27	16	25	6	9	23	12	20	25	27
Item1784	26	11	6	16	19	19	12	19	25	21	26	9	5	28	11
Item1785	19	4	21	4	24	4	17	30	17	12	30	11	10	17	9
Item1786	17	8	20	13	17	10	28	2	18	18	27	1	7	21	28
Item1787	17	22	12	19	21	14	17	10	5	24	16	4	23	7	3
Item1788	11	18	23	15	7	24	3	30	13	30	28	0	13	28	25
Item1789	23	10	8	28	2	29	7	23	10	6	27	11	11	8	12
Item1790	2	11	6	18	12	14	23	22	21	24	17	21	19	15	7
Item1791	11	14	24	30	9	15	2	22	28	21	16	22	21	15	2
Item1792	17	11	26	29	8	17	19	3	14	26	16	8	28	9	3
Item1793	21	22	9	19	4	23	5	26	16	30	21	25	9	14	3
Item1794	17	15	25	7	17	23	15	26	6	19	0	15	11	0	12
Item1795	12	2	15	13	9	7	8	2	29	29	0	14	27	13	1
Item1796	9	30	10	13	9	5	19	23	17	13	22	5	21	4	7
Item1797	22	2	4	27	20	18	12	3	30	22	12	5	28	29	26
Item1798	24	12	8	4	12	16	12	23	12	30	19	14	11	13	30
Item1799	26	22	19	30	15	25	2	23	0	5	12	9	18	12	13
Item1800	20	21	2	7	3	17	11	1	13	4	30	17	14	17	29
Item1801	9	0	24	22	3	8	16	12	23	23	13	29	1	3	18
Item1802	11	16	18	26	7	16	14	6	5	22	3	28	6	8	20
Item1803	14	12	22	9	21	8	18	18	25	7	16	22	9	0	26
Item1804	27	9	20	29	24	4	29	20	8	7	11	24	6	21	4
Item1805	21	15	29	12	22	1	3	15	9	17	9	6	16	21	7
Item1806	24	30	29	18	1	21	2	8	3	1	23	15	14	9	26
Item1807	20	29	21	23	3	17	26	7	17	15	11	23	10	19	10
Item1808	2	24	4	9	30	16	21	7	7	7	3	22	6	17	22
Item1809	2	29	24	29	25	6	25	13	26	3	10	2	11	27	25
Item1810	6	10	22	24	26	14	18	9	28	27	23	21	2	1	9
Item1811	16	26	28	29	7	6	24	2	21	17	3	1	0	13	8
Item1812	3	11	3	13	30	14	11	6	18	3	10	6	6	29	11
Item1813	18	6	23	11	12	22	27	5	18	20	23	15	20	22	25
Item1814	20	8	11	20	20	1	4	2	16	7	9	3	13	16	0
Item1815	11	17	15	26	26	19	17	19	14	30	6	16	29	13	15
Item1816	20	14	17	24	12	24	22	7	13	18	28	8	30	28	23
Item1817	13	22	3	18	17	29	22	28	22	16	17	18	2	10	11
Item1818	25	25	3	15	15	0	21	4	5	27	6	14	15	10	8
Item1819	0	24	16	13	8	27	24	12	6	4	6	21	29	12	27
Item1820	23	11	3	15	25	28	15	12	1	16	9	13	17	0	29
Item1821	25	4	4	28	13	7	11	18	27	17	27	6	11	7	24
Item1822	3	5	27	16	12	29	24	13	8	9	22	27	11	6	13
Item1823	29	11	8	24	24	16	3	27	6	9	16	22	13	6	16
Item1824	13	15	26	3	11	7	13	0	25	23	2	22	12	8	27
Item1825	16	15	1	3	2	7	30	20	4	7	2	19	23	22	5
Item1826	14	13	16	8	7	14	17	28	20	12	13	2	8	9	21
Item1827	8	3	22	28	17	29	23	19	29	28	17	12	25	6	11
Item1828	22	23	0	29	3	4	11	17	1	16	1	3	23	6	23
Item1829	1	15	23	22	17	5	17	15	16	4	20	4	17	19	19
Item1830	16	28	12	20	4	0	27	12	19	16	22	4	26	11	25
Item1831	5	17	6	26	22	20	27	26	22	27	28	27	4	22	24
Item1832	25	7	20	13	18	4	14	18	18	12	19	6	26	12	13
Item1833	23	21	28	8	22	6	1	21	27	11	12	9	27	28	16
Item1834	5	8	9	13	5	8	22	29	28	4	8	14	7	29	2
Item1835	25	26	27	26	6	7	16	7	19	27	15	24	29	4	2
Item1836	9	8	11	24	28	18	7	22	27	2	27	10	2	13	13
Item1837	22	19	16	27	8	4	24	6	21	24	19	23	17	22	4
Item1838	15	16	18	4	26	9	10	13	1	26	29	16	13	13	20
Item1839	22	21	13	23	19	15	24	10	5	16	20	26	19	4	2
Item1840	6	15	4	9	2	0	30	20	13	12	24	28	24	22	21
Item1841	24	7	20	6	25	16	26	29	1	15	12	10	25	26	7
Item1842	25	12	23	13	22	12	10	20	4	11	11	16	24	26	19
Item1843	5	8	16	1	17	17	20	4	21	29	9	26	1	18	18
Item1844	21	10	19	9	0	20	8	14	18	8	24	3	7	25	11
Item1845	19	21	10	3	24	2	28	1	15	15	16	2	5	10	28
Item1846	0	22	18	1	29	24	13	11	22	14	6	30	10	21	0
Item1847	15	18	26	9	23	2	15	10	9	5	12	19	21	3	22
Item1848	12	2	28	25	10	3	3	28	10	16	7	23	13	10	16
Item1849	2	7	9	0	22	29	21	10	21	7	12	10	18	23	7
Item1850	17	4	18	26	30	18	18	19	1	19	22	15	29	8	6
Item1851	26	24	12	10	6	10	16	22	13	23	12	12	13	19	15
Item1852	29	24	17	11	6	30	20	6	12	5	19	25	8	30	21
Item1853	16	20	23	12	14	13	30	12	21	1	6	12	12	17	2
Item1854	23	13	18	20	1	8	24	4	13	6	1	28	25	1	29
Item1855	1	11	12	4	10	26	19	4	12	2	17	12	15	21	13
Item1856	4	3	27	12	10	18	27	21	19	5	2	18	28	6	19
Item1857	1	3	5	10	17	0	6	21	1	17	13	9	20	3	10
Item1858	24	6	4	25	12	26	13	12	11	20	13	8	5	1	0
Item1859	10	28	18	3	20	0	29	0	13	7	16	27	13	18	26
Item1860	27	23	25	28	13	24	20	10	23	29	2	16	3	29	0
Item1861	28	25	11	12	28	0	18	17	10	5	25	18	2	4	6
Item1862	28	30	15	23	15	16	9	16	29	18	8	18	14	8	17
Item1863	14	22	8	13	22	12	0	7	11	1	15	26	2	15	9
Item1864	6	2	6	6	5	9	30	29	0	11	3	15	19	7	8
Item1865	4	1	18	2	9	16	7	7	13	15	11	22	0	6	10
Item1866	14	24	24	27	22	14	22	14	18	0	7	27	9	15	25
Item1867	2	21	13	11	22	27	24	19	3	0	15	27	1	1	11
Item1868	26	28	15	26	29	1	18	30	7	2	15	27	11	22	1
Item1869	5	25	20	16	2	11	4	25	26	10	14	21	6	16	4
Item1870	12	17	23	13	25	6	5	15	12	6	29	29	8	12	9
Item1871	21	23	16	27	18	6	11	6	6	10	23	20	4	17	11
Item1872	12	26	19	11	11	6	21	1	18	9	5	16	8	26	6
Item1873	23	12	3	11	25	3	0	17	19	24	16	23	11	1	28
Item1874	26	4	6	7	9	10	5	7	27	29	22	23	16	24	29
Item1875	25	13	15	27	3	19	29	13	19	11	3	10	12	8	26
Item1876	20	7	19	12	18	6	30	2	15	26	4	4	13	17	20
Item1877	16	4	26	4	23	13	11	27	3	7	16	17	11	24	1
Item1878	29	2	5	24	7	9	10	14	4	2	21	7	12	5	8
Item1879	22	15	21	14	12	27	19	16	2	19	11	10	24	24	1
Item1880	22	11	17	8	17	26	15	3	27	2	3	0	4	20	30
Item1881	4	5	28	21	29	2	17	24	21	20	19	1	21	14	22
Item1882	18	24	18	13	28	12	27	14	16	19	15	6	23	1	12
Item1883	7	0	28	1	24	27	20	19	18	19	5	24	28	26	12
Item1884	1	15	26	10	6	3	24	17	6	17	23	19	28	15	26
Item1885	30	8	11	13	16	28	8	16	27	6	10	3	20	7	6
Item1886	11	9	13	8	7	26	5	18	17	24	3	6	21	1	6
Item1887	29	20	7	5	21	9	25	5	15	2	27	16	6	29	27
Item1888	13	14	15	24	26	0	1	24	3	5	21	18	12	3	5
Item1889	5	19	25	16	15	30	4	4	28	17	11	0	3	7	8
Item1890	8	12	5	9	14	17	9	19	3	8	14	9	24	11	11
Item1891	9	8	27	27	3	8	17	10	5	9	6	8	15	26	5
Item1892	6	4	26	11	25	17	13	21	18	9	26	24	13	5	5
Item1893	4	16	3	10	20	16	28	18	3	10	27	18	18	16	17
Item1894	28	16	28	18	2	8	30	11	6	6	29	15	18	22	0
Item1895	13	17	29	6	6	16	18	5	2	9	24	12	3	26	5
Item1896	30	14	28	10	22	26	24	8	26	6	24	16	30	10	17
Item1897	12	19	10	5	5	29	24	14	24	11	0	3	19	16	21
Item1898	15	11	6	14	9	26	2	7	23	18	15	16	11	5	14
Item1899	5	6	10	24	26	2	6	2	14	19	7	4	23	10	3
Item1900	14	1	23	13	24	7	10	16	21	7	0	12	0	18	11
Item1901	29	27	26	2	15	29	6	28	8	6	12	9	2	28	19
Item1902	1	2	29	17	2	13	6	14	21	25	2	9	8	19	26
Item1903	0	9	7	17	14	9	10	14	26	23	15	10	30	30	17
Item1904	16	2	25	1	18	17	8	12	19	9	16	29	22	3	15
Item1905	24	3	23	5	15	27	22	30	12	3	27	17	0	1	12
Item1906	7	29	10	28	25	12	21	2	14	2	13	26	14	1	19
Item1907	28	16	14	11	1	14	9	24	1	20	16	11	11	7	23
Item1908	17	26	29	16	9	0	0	11	2	14	18	13	16	6	5
Item1909	25	19	2	10	0	29	9	18	3	24	28	23	1	11	16
Item1910	0	23	20	16	25	27	10	16	20	22	4	12	29	15	8
Item1911	20	3	12	20	28	14	13	16	23	7	1	16	19	28	23
Item1912	8	12	12	10	28	0	6	9	6	26	5	5	12	5	26
Item1913	22	29	30	6	9	17	11	27	2	11	27	10	15	26	17
Item1914	10	1	16	20	24	13	22	6	17	17	30	13	18	20	9
Item1915	4	4	20	28	19	21	10	6	18	8	7	17	22	27	11
Item1916	11	1	4	4	19	20	29	22	28	8	29	5	21	17	14
Item1917	0	7	19	9	4	4	29	5	3	13	22	9	24	29	5
Item1918	0	4	3	22	27	12	25	23	7	26	28	27	9	11	19
Item1919	12	23	1	18	25	0	18	1	27	20	7	23	24	16	12
Item1920	27	1	17	2	7	6	3	13	30	2	19	2	9	6	24
Item1921	28	6	5	18	4	23	6	5	20	30	18	30	28	22	18
Item1922	10	29	24	7	24	4	15	15	13	23	18	19	4	13	19
Item1923	12	8	4	11	27	13	3	5	25	9	27	30	26	15	28
Item1924	15	12	23	1	20	11	28	12	11	8	18	28	21	14	21
Item1925	18	2	13	18	10	9	26	28	8	28	16	4	23	23	22
Item1926	3	6	9	3	26	13	21	9	4	17	26	22	3	17	8
Item1927	9	25	12	20	17	30	10	4	30	3	13	29	12	12	5
Item1928	24	19	27	17	6	21	9	27	10	28	1	3	14	23	0
Item1929	14	22	20	28	7	30	18	28	18	20	13	12	6	6	18
Item1930	8	4	24	8	1	4	8	5	9	14	17	7	11	7	16
Item1931	17	30	26	24	11	0	9	1	18	15	22	18	15	22	11
Item1932	29	20	27	4	20	22	9	12	16	24	19	1	12	10	29
Item1933	5	27	28	3	22	6	27	23	13	22	9	2	25	14	19
Item1934	17	7	20	24	2	11	28	15	4	19	8	28	7	12	21
Item1935	21	18	12	9	5	8	16	15	26	26	20	20	17	16	14
Item1936	21	13	28	2	26	12	15	20	13	19	0	18	17	28	30
Item1937	26	12	7	29	27	25	26	5	1	9	4	20	29	29	14
Item1938	1	27	23	7	27	6	18	21	17	5	22	29	6	20	30
Item1939	2	25	27	5	8	4	4	17	3	11	18	8	4	24	28
Item1940	16	16	15	25	18	25	3	25	5	12	7	10	24	1	4
Item1941	11	24	11	7	24	20	4	24	16	17	13	20	9	20	10
Item1942	16	3	7	3	23	7	29	1	24	19	13	2	6	6	23
Item1943	21	10	7	30	7	19	15	13	22	20	23	10	27	12	0
Item1944	10	16	8	14	14	2	19	9	27	12	30	13	28	26	28
Item1945	29	13	16	17	28	21	12	1	7	27	22	13	16	9	14
Item1946	19	3	5	11	18	30	24	24	12	17	25	21	15	16	14
Item1947	28	18	20	2	11	21	21	20	4	17	4	6	27	11	12
Item1948	19	19	5	0	29	29	21	14	7	30	6	25	14	28	0
Item1949	2	17	13	28	9	24	3	7	11	29	22	18	12	11	6
Item1950	13	13	23	13	7	7	28	9	7	17	12	17	17	7	18
Item1951	14	20	8	21	14	0	10	16	17	23	13	13	7	8	17
Item1952	29	6	7	28	21	16	29	8	16	8	15	9	1	21	12
Item1953	17	27	23	0	3	30	15	8	10	15	26	4	11	13	26
Item1954	1	30	15	8	1	19	15	23	7	2	21	17	2	22	17
Item1955	24	28	28	14	16	8	4	8	13	4	1	22	24	3	28
Item1956	10	10	14	17	26	18	19	0	2	25	14	13	24	25	18
Item1957	9	2	10	23	3	28	10	14	13	26	25	27	16	9	16
Item1958	16	0	22	8	23	17	30	7	19	30	28	9	15	0	10
Item1959	17	21	18	12	25	10	29	26	6	10	27	18	21	23	30
Item1960	19	27	19	2	3	13	28	19	29	11	28	5	29	10	26
Item1961	17	19	18	6	10	22	1	4	13	9	5	1	20	0	15
Item1962	1	8	21	27	5	7	11	24	27	30	6	1	19	5	15
Item1963	13	6	18	20	25	5	2	17	22	5	13	8	13	27	18
Item1964	7	29	22	19	15	5	5	4	30	30	12	11	20	20	23
Item1965	21	12	20	0	21	22	28	17	27	4	9	27	28	6	27
Item1966	19	19	29	6	15	20	10	9	8	6	3	5	17	18	23
Item1967	13	28	15	1	9	1	10	28	9	20	7	20	4	22	21
Item1968	27	19	5	24	19	21	14	11	23	8	22	24	7	29	28
Item1969	17	5	12	9	19	1	21	1	21	10	22	5	18	10	7
Item1970	7	7	12	15	23	24	10	27	4	12	3	21	4	24	13
Item1971	13	28	4	15	19	17	7	5	9	17	12	10	22	6	18
Item1972	12	15	9	2	21	26	26	13	0	3	29	19	15	18	22
Item1973	15	15	20	21	5	5	26	11	7	4	27	21	11	27	22
Item1974	12	16	3	0	29	16	26	15	7	2	30	15	2	28	20
Item1975	26	27	27	22	20	12	5	1	29	5	12	17	29	18	18
Item1976	27	14	26	14	7	12	7	7	1	6	3	5	1	18	28
Item1977	20	2	3	21	6	6	13	21	25	19	28	11	28	24	19
Item1978	12	23	21	24	29	15	1	21	24	1	11	13	5	28	7
Item1979	26	14	14	0	22	21	19	15	9	14	6	18	30	24	5
Item1980	5	5	25	8	14	13	3	1	11	15	14	29	3	27	12
Item1981	3	9	6	3	20	27	17	21	13	10	3	22	25	10	14
Item1982	4	8	20	24	7	14	20	3	25	13	10	22	21	27	25
Item1983	10	9	16	0	29	13	16	7	20	5	26	20	29	21	16
Item1984	24	28	15	25	8	15	2	16	5	1	6	0	15	26	2
Item1985	20	12	9	2	30	14	26	19	25	21	1	16	24	20	11
Item1986	7	13	28	6	25	19	10	13	26	16	12	4	23	19	28
Item1987	21	14	2	2	18	14	29	16	4	8	0	15	22	13	12
Item1988	23	9	10	23	23	15	27	27	3	12	10	1	8	19	11
Item1989	16	26	16	4	8	19	29	2	21	5	10	5	21	3	26
Item1990	5	17	30	12	7	22	7	5	2	7	2	28	28	5	24
Item1991	7	17	5	14	2	14	6	23	11	23	28	14	3	12	11
Item1992	6	2	5	6	19	24	15	19	8	25	18	14	17	6	23
Item1993	23	11	5	10	20	16	16	4	14	14	22	4	17	22	1
Item1994	29	10	8	29	8	30	1	19	29	9	22	7	25	6	18
Item1995	11	25	22	5	12	20	1	3	15	23	2	28	10	1	5
Item1996	26	9	20	21	18	16	23	23	21	22	23	23	0	10	28
Item1997	5	10	5	7	3	23	14	24	24	2	30	15	20	9	6
Item1998	24	24	1	24	11	12	20	8	4	30	9	10	7	6	12
Item1999	9	18	28	24	11	1	18	17	10	1	2	25	26	7	17
Item2000	2	3	22	22	12	26	16	28	28	23	17	5	26	15	12